version 2001 npes 48 ndims 3 
5 3 866 
0 135
9 113 208 284 374 583 695 784 837 875 979 1074 1150 1240 1449 1561 1650 1703 1741 1845 1940 2016 2106 2315 2427 2516 2569 2607 2711 2806 2882 2972 3181 3293 3382 3435 3473 3577 3672 3748 3838 4047 4159 4248 4301 4339 4443 4538 4614 4704 4913 5025 5114 5167 5205 5309 5404 5480 5570 5779 5891 5980 6033 6071 6175 6270 6346 6436 6645 6757 6846 6899 6937 7041 7136 7212 7302 7511 7623 7712 7765 7803 7907 8002 8078 8168 8377 8489 8578 8631 8669 8773 8868 8944 9034 9243 9355 9444 9497 9535 9639 9734 9810 9900 10109 10221 10310 10363 10401 10505 10600 10676 10766 10975 11087 11176 11229 11267 11371 11466 11542 11632 11841 11953 12042 12095 12133 12237 12332 12408 12498 12707 12819 12908 12961 
1 135
10 114 209 285 375 584 696 785 838 876 980 1075 1151 1241 1450 1562 1651 1704 1742 1846 1941 2017 2107 2316 2428 2517 2570 2608 2712 2807 2883 2973 3182 3294 3383 3436 3474 3578 3673 3749 3839 4048 4160 4249 4302 4340 4444 4539 4615 4705 4914 5026 5115 5168 5206 5310 5405 5481 5571 5780 5892 5981 6034 6072 6176 6271 6347 6437 6646 6758 6847 6900 6938 7042 7137 7213 7303 7512 7624 7713 7766 7804 7908 8003 8079 8169 8378 8490 8579 8632 8670 8774 8869 8945 9035 9244 9356 9445 9498 9536 9640 9735 9811 9901 10110 10222 10311 10364 10402 10506 10601 10677 10767 10976 11088 11177 11230 11268 11372 11467 11543 11633 11842 11954 12043 12096 12134 12238 12333 12409 12499 12708 12820 12909 12962 
2 135
13 115 210 290 377 586 697 786 839 879 981 1076 1156 1243 1452 1563 1652 1705 1745 1847 1942 2022 2109 2318 2429 2518 2571 2611 2713 2808 2888 2975 3184 3295 3384 3437 3477 3579 3674 3754 3841 4050 4161 4250 4303 4343 4445 4540 4620 4707 4916 5027 5116 5169 5209 5311 5406 5486 5573 5782 5893 5982 6035 6075 6177 6272 6352 6439 6648 6759 6848 6901 6941 7043 7138 7218 7305 7514 7625 7714 7767 7807 7909 8004 8084 8171 8380 8491 8580 8633 8673 8775 8870 8950 9037 9246 9357 9446 9499 9539 9641 9736 9816 9903 10112 10223 10312 10365 10405 10507 10602 10682 10769 10978 11089 11178 11231 11271 11373 11468 11548 11635 11844 11955 12044 12097 12137 12239 12334 12414 12501 12710 12821 12910 12963 
3 135
14 116 211 291 378 587 698 787 840 880 982 1077 1157 1244 1453 1564 1653 1706 1746 1848 1943 2023 2110 2319 2430 2519 2572 2612 2714 2809 2889 2976 3185 3296 3385 3438 3478 3580 3675 3755 3842 4051 4162 4251 4304 4344 4446 4541 4621 4708 4917 5028 5117 5170 5210 5312 5407 5487 5574 5783 5894 5983 6036 6076 6178 6273 6353 6440 6649 6760 6849 6902 6942 7044 7139 7219 7306 7515 7626 7715 7768 7808 7910 8005 8085 8172 8381 8492 8581 8634 8674 8776 8871 8951 9038 9247 9358 9447 9500 9540 9642 9737 9817 9904 10113 10224 10313 10366 10406 10508 10603 10683 10770 10979 11090 11179 11232 11272 11374 11469 11549 11636 11845 11956 12045 12098 12138 12240 12335 12415 12502 12711 12822 12911 12964 
4 135
33 117 212 292 392 588 700 788 841 899 983 1078 1158 1258 1454 1566 1654 1707 1765 1849 1944 2024 2124 2320 2432 2520 2573 2631 2715 2810 2890 2990 3186 3298 3386 3439 3497 3581 3676 3756 3856 4052 4164 4252 4305 4363 4447 4542 4622 4722 4918 5030 5118 5171 5229 5313 5408 5488 5588 5784 5896 5984 6037 6095 6179 6274 6354 6454 6650 6762 6850 6903 6961 7045 7140 7220 7320 7516 7628 7716 7769 7827 7911 8006 8086 8186 8382 8494 8582 8635 8693 8777 8872 8952 9052 9248 9360 9448 9501 9559 9643 9738 9818 9918 10114 10226 10314 10367 10425 10509 10604 10684 10784 10980 11092 11180 11233 11291 11375 11470 11550 11650 11846 11958 12046 12099 12157 12241 12336 12416 12516 12712 12824 12912 12965 
5 135
34 118 213 293 449 593 701 789 842 900 984 1079 1159 1315 1459 1567 1655 1708 1766 1850 1945 2025 2181 2325 2433 2521 2574 2632 2716 2811 2891 3047 3191 3299 3387 3440 3498 3582 3677 3757 3913 4057 4165 4253 4306 4364 4448 4543 4623 4779 4923 5031 5119 5172 5230 5314 5409 5489 5645 5789 5897 5985 6038 6096 6180 6275 6355 6511 6655 6763 6851 6904 6962 7046 7141 7221 7377 7521 7629 7717 7770 7828 7912 8007 8087 8243 8387 8495 8583 8636 8694 8778 8873 8953 9109 9253 9361 9449 9502 9560 9644 9739 9819 9975 10119 10227 10315 10368 10426 10510 10605 10685 10841 10985 11093 11181 11234 11292 11376 11471 11551 11707 11851 11959 12047 12100 12158 12242 12337 12417 12573 12717 12825 12913 12966 
6 135
36 119 214 294 452 594 702 791 843 902 985 1080 1160 1318 1460 1568 1657 1709 1768 1851 1946 2026 2184 2326 2434 2523 2575 2634 2717 2812 2892 3050 3192 3300 3389 3441 3500 3583 3678 3758 3916 4058 4166 4255 4307 4366 4449 4544 4624 4782 4924 5032 5121 5173 5232 5315 5410 5490 5648 5790 5898 5987 6039 6098 6181 6276 6356 6514 6656 6764 6853 6905 6964 7047 7142 7222 7380 7522 7630 7719 7771 7830 7913 8008 8088 8246 8388 8496 8585 8637 8696 8779 8874 8954 9112 9254 9362 9451 9503 9562 9645 9740 9820 9978 10120 10228 10317 10369 10428 10511 10606 10686 10844 10986 11094 11183 11235 11294 11377 11472 11552 11710 11852 11960 12049 12101 12160 12243 12338 12418 12576 12718 12826 12915 12967 
7 135
37 120 215 295 507 596 703 792 844 903 986 1081 1161 1373 1462 1569 1658 1710 1769 1852 1947 2027 2239 2328 2435 2524 2576 2635 2718 2813 2893 3105 3194 3301 3390 3442 3501 3584 3679 3759 3971 4060 4167 4256 4308 4367 4450 4545 4625 4837 4926 5033 5122 5174 5233 5316 5411 5491 5703 5792 5899 5988 6040 6099 6182 6277 6357 6569 6658 6765 6854 6906 6965 7048 7143 7223 7435 7524 7631 7720 7772 7831 7914 8009 8089 8301 8390 8497 8586 8638 8697 8780 8875 8955 9167 9256 9363 9452 9504 9563 9646 9741 9821 10033 10122 10229 10318 10370 10429 10512 10607 10687 10899 10988 11095 11184 11236 11295 11378 11473 11553 11765 11854 11961 12050 12102 12161 12244 12339 12419 12631 12720 12827 12916 12968 
8 135
39 121 216 296 508 597 704 793 845 905 987 1082 1162 1374 1463 1570 1659 1711 1771 1853 1948 2028 2240 2329 2436 2525 2577 2637 2719 2814 2894 3106 3195 3302 3391 3443 3503 3585 3680 3760 3972 4061 4168 4257 4309 4369 4451 4546 4626 4838 4927 5034 5123 5175 5235 5317 5412 5492 5704 5793 5900 5989 6041 6101 6183 6278 6358 6570 6659 6766 6855 6907 6967 7049 7144 7224 7436 7525 7632 7721 7773 7833 7915 8010 8090 8302 8391 8498 8587 8639 8699 8781 8876 8956 9168 9257 9364 9453 9505 9565 9647 9742 9822 10034 10123 10230 10319 10371 10431 10513 10608 10688 10900 10989 11096 11185 11237 11297 11379 11474 11554 11766 11855 11962 12051 12103 12163 12245 12340 12420 12632 12721 12828 12917 12969 
9 135
40 122 217 297 510 599 705 794 846 906 988 1083 1163 1376 1465 1571 1660 1712 1772 1854 1949 2029 2242 2331 2437 2526 2578 2638 2720 2815 2895 3108 3197 3303 3392 3444 3504 3586 3681 3761 3974 4063 4169 4258 4310 4370 4452 4547 4627 4840 4929 5035 5124 5176 5236 5318 5413 5493 5706 5795 5901 5990 6042 6102 6184 6279 6359 6572 6661 6767 6856 6908 6968 7050 7145 7225 7438 7527 7633 7722 7774 7834 7916 8011 8091 8304 8393 8499 8588 8640 8700 8782 8877 8957 9170 9259 9365 9454 9506 9566 9648 9743 9823 10036 10125 10231 10320 10372 10432 10514 10609 10689 10902 10991 11097 11186 11238 11298 11380 11475 11555 11768 11857 11963 12052 12104 12164 12246 12341 12421 12634 12723 12829 12918 12970 
10 135
44 123 218 298 511 600 709 795 851 910 989 1084 1164 1377 1466 1575 1661 1717 1776 1855 1950 2030 2243 2332 2441 2527 2583 2642 2721 2816 2896 3109 3198 3307 3393 3449 3508 3587 3682 3762 3975 4064 4173 4259 4315 4374 4453 4548 4628 4841 4930 5039 5125 5181 5240 5319 5414 5494 5707 5796 5905 5991 6047 6106 6185 6280 6360 6573 6662 6771 6857 6913 6972 7051 7146 7226 7439 7528 7637 7723 7779 7838 7917 8012 8092 8305 8394 8503 8589 8645 8704 8783 8878 8958 9171 9260 9369 9455 9511 9570 9649 9744 9824 10037 10126 10235 10321 10377 10436 10515 10610 10690 10903 10992 11101 11187 11243 11302 11381 11476 11556 11769 11858 11967 12053 12109 12168 12247 12342 12422 12635 12724 12833 12919 12975 
11 135
47 124 240 299 513 601 710 797 852 913 990 1106 1165 1379 1467 1576 1663 1718 1779 1856 1972 2031 2245 2333 2442 2529 2584 2645 2722 2838 2897 3111 3199 3308 3395 3450 3511 3588 3704 3763 3977 4065 4174 4261 4316 4377 4454 4570 4629 4843 4931 5040 5127 5182 5243 5320 5436 5495 5709 5797 5906 5993 6048 6109 6186 6302 6361 6575 6663 6772 6859 6914 6975 7052 7168 7227 7441 7529 7638 7725 7780 7841 7918 8034 8093 8307 8395 8504 8591 8646 8707 8784 8900 8959 9173 9261 9370 9457 9512 9573 9650 9766 9825 10039 10127 10236 10323 10378 10439 10516 10632 10691 10905 10993 11102 11189 11244 11305 11382 11498 11557 11771 11859 11968 12055 12110 12171 12248 12364 12423 12637 12725 12834 12921 12976 
12 135
48 125 241 300 514 602 711 798 853 914 991 1107 1166 1380 1468 1577 1664 1719 1780 1857 1973 2032 2246 2334 2443 2530 2585 2646 2723 2839 2898 3112 3200 3309 3396 3451 3512 3589 3705 3764 3978 4066 4175 4262 4317 4378 4455 4571 4630 4844 4932 5041 5128 5183 5244 5321 5437 5496 5710 5798 5907 5994 6049 6110 6187 6303 6362 6576 6664 6773 6860 6915 6976 7053 7169 7228 7442 7530 7639 7726 7781 7842 7919 8035 8094 8308 8396 8505 8592 8647 8708 8785 8901 8960 9174 9262 9371 9458 9513 9574 9651 9767 9826 10040 10128 10237 10324 10379 10440 10517 10633 10692 10906 10994 11103 11190 11245 11306 11383 11499 11558 11772 11860 11969 12056 12111 12172 12249 12365 12424 12638 12726 12835 12922 12977 
13 135
49 126 242 301 516 603 712 799 854 915 992 1108 1167 1382 1469 1578 1665 1720 1781 1858 1974 2033 2248 2335 2444 2531 2586 2647 2724 2840 2899 3114 3201 3310 3397 3452 3513 3590 3706 3765 3980 4067 4176 4263 4318 4379 4456 4572 4631 4846 4933 5042 5129 5184 5245 5322 5438 5497 5712 5799 5908 5995 6050 6111 6188 6304 6363 6578 6665 6774 6861 6916 6977 7054 7170 7229 7444 7531 7640 7727 7782 7843 7920 8036 8095 8310 8397 8506 8593 8648 8709 8786 8902 8961 9176 9263 9372 9459 9514 9575 9652 9768 9827 10042 10129 10238 10325 10380 10441 10518 10634 10693 10908 10995 11104 11191 11246 11307 11384 11500 11559 11774 11861 11970 12057 12112 12173 12250 12366 12425 12640 12727 12836 12923 12978 
14 135
50 127 243 302 517 604 713 800 855 916 993 1109 1168 1383 1470 1579 1666 1721 1782 1859 1975 2034 2249 2336 2445 2532 2587 2648 2725 2841 2900 3115 3202 3311 3398 3453 3514 3591 3707 3766 3981 4068 4177 4264 4319 4380 4457 4573 4632 4847 4934 5043 5130 5185 5246 5323 5439 5498 5713 5800 5909 5996 6051 6112 6189 6305 6364 6579 6666 6775 6862 6917 6978 7055 7171 7230 7445 7532 7641 7728 7783 7844 7921 8037 8096 8311 8398 8507 8594 8649 8710 8787 8903 8962 9177 9264 9373 9460 9515 9576 9653 9769 9828 10043 10130 10239 10326 10381 10442 10519 10635 10694 10909 10996 11105 11192 11247 11308 11385 11501 11560 11775 11862 11971 12058 12113 12174 12251 12367 12426 12641 12728 12837 12924 12979 
15 135
51 128 244 303 518 605 718 801 857 917 994 1110 1169 1384 1471 1584 1667 1723 1783 1860 1976 2035 2250 2337 2450 2533 2589 2649 2726 2842 2901 3116 3203 3316 3399 3455 3515 3592 3708 3767 3982 4069 4182 4265 4321 4381 4458 4574 4633 4848 4935 5048 5131 5187 5247 5324 5440 5499 5714 5801 5914 5997 6053 6113 6190 6306 6365 6580 6667 6780 6863 6919 6979 7056 7172 7231 7446 7533 7646 7729 7785 7845 7922 8038 8097 8312 8399 8512 8595 8651 8711 8788 8904 8963 9178 9265 9378 9461 9517 9577 9654 9770 9829 10044 10131 10244 10327 10383 10443 10520 10636 10695 10910 10997 11110 11193 11249 11309 11386 11502 11561 11776 11863 11976 12059 12115 12175 12252 12368 12427 12642 12729 12842 12925 12981 
16 135
52 129 245 304 520 606 719 802 858 918 995 1111 1170 1386 1472 1585 1668 1724 1784 1861 1977 2036 2252 2338 2451 2534 2590 2650 2727 2843 2902 3118 3204 3317 3400 3456 3516 3593 3709 3768 3984 4070 4183 4266 4322 4382 4459 4575 4634 4850 4936 5049 5132 5188 5248 5325 5441 5500 5716 5802 5915 5998 6054 6114 6191 6307 6366 6582 6668 6781 6864 6920 6980 7057 7173 7232 7448 7534 7647 7730 7786 7846 7923 8039 8098 8314 8400 8513 8596 8652 8712 8789 8905 8964 9180 9266 9379 9462 9518 9578 9655 9771 9830 10046 10132 10245 10328 10384 10444 10521 10637 10696 10912 10998 11111 11194 11250 11310 11387 11503 11562 11778 11864 11977 12060 12116 12176 12253 12369 12428 12644 12730 12843 12926 12982 
17 135
53 130 246 305 521 607 721 804 859 919 996 1112 1171 1387 1473 1587 1670 1725 1785 1862 1978 2037 2253 2339 2453 2536 2591 2651 2728 2844 2903 3119 3205 3319 3402 3457 3517 3594 3710 3769 3985 4071 4185 4268 4323 4383 4460 4576 4635 4851 4937 5051 5134 5189 5249 5326 5442 5501 5717 5803 5917 6000 6055 6115 6192 6308 6367 6583 6669 6783 6866 6921 6981 7058 7174 7233 7449 7535 7649 7732 7787 7847 7924 8040 8099 8315 8401 8515 8598 8653 8713 8790 8906 8965 9181 9267 9381 9464 9519 9579 9656 9772 9831 10047 10133 10247 10330 10385 10445 10522 10638 10697 10913 10999 11113 11196 11251 11311 11388 11504 11563 11779 11865 11979 12062 12117 12177 12254 12370 12429 12645 12731 12845 12928 12983 
18 135
54 143 247 306 522 608 749 805 861 920 1009 1113 1172 1388 1474 1615 1671 1727 1786 1875 1979 2038 2254 2340 2481 2537 2593 2652 2741 2845 2904 3120 3206 3347 3403 3459 3518 3607 3711 3770 3986 4072 4213 4269 4325 4384 4473 4577 4636 4852 4938 5079 5135 5191 5250 5339 5443 5502 5718 5804 5945 6001 6057 6116 6205 6309 6368 6584 6670 6811 6867 6923 6982 7071 7175 7234 7450 7536 7677 7733 7789 7848 7937 8041 8100 8316 8402 8543 8599 8655 8714 8803 8907 8966 9182 9268 9409 9465 9521 9580 9669 9773 9832 10048 10134 10275 10331 10387 10446 10535 10639 10698 10914 11000 11141 11197 11253 11312 11401 11505 11564 11780 11866 12007 12063 12119 12178 12267 12371 12430 12646 12732 12873 12929 12985 
19 135
57 144 248 307 523 609 750 806 863 923 1010 1114 1173 1389 1475 1616 1672 1729 1789 1876 1980 2039 2255 2341 2482 2538 2595 2655 2742 2846 2905 3121 3207 3348 3404 3461 3521 3608 3712 3771 3987 4073 4214 4270 4327 4387 4474 4578 4637 4853 4939 5080 5136 5193 5253 5340 5444 5503 5719 5805 5946 6002 6059 6119 6206 6310 6369 6585 6671 6812 6868 6925 6985 7072 7176 7235 7451 7537 7678 7734 7791 7851 7938 8042 8101 8317 8403 8544 8600 8657 8717 8804 8908 8967 9183 9269 9410 9466 9523 9583 9670 9774 9833 10049 10135 10276 10332 10389 10449 10536 10640 10699 10915 11001 11142 11198 11255 11315 11402 11506 11565 11781 11867 12008 12064 12121 12181 12268 12372 12431 12647 12733 12874 12930 12987 
20 135
58 145 249 308 524 610 752 807 864 924 1011 1115 1174 1390 1476 1618 1673 1730 1790 1877 1981 2040 2256 2342 2484 2539 2596 2656 2743 2847 2906 3122 3208 3350 3405 3462 3522 3609 3713 3772 3988 4074 4216 4271 4328 4388 4475 4579 4638 4854 4940 5082 5137 5194 5254 5341 5445 5504 5720 5806 5948 6003 6060 6120 6207 6311 6370 6586 6672 6814 6869 6926 6986 7073 7177 7236 7452 7538 7680 7735 7792 7852 7939 8043 8102 8318 8404 8546 8601 8658 8718 8805 8909 8968 9184 9270 9412 9467 9524 9584 9671 9775 9834 10050 10136 10278 10333 10390 10450 10537 10641 10700 10916 11002 11144 11199 11256 11316 11403 11507 11566 11782 11868 12010 12065 12122 12182 12269 12373 12432 12648 12734 12876 12931 12988 
21 135
61 147 250 309 525 613 753 808 865 927 1013 1116 1175 1391 1479 1619 1674 1731 1793 1879 1982 2041 2257 2345 2485 2540 2597 2659 2745 2848 2907 3123 3211 3351 3406 3463 3525 3611 3714 3773 3989 4077 4217 4272 4329 4391 4477 4580 4639 4855 4943 5083 5138 5195 5257 5343 5446 5505 5721 5809 5949 6004 6061 6123 6209 6312 6371 6587 6675 6815 6870 6927 6989 7075 7178 7237 7453 7541 7681 7736 7793 7855 7941 8044 8103 8319 8407 8547 8602 8659 8721 8807 8910 8969 9185 9273 9413 9468 9525 9587 9673 9776 9835 10051 10139 10279 10334 10391 10453 10539 10642 10701 10917 11005 11145 11200 11257 11319 11405 11508 11567 11783 11871 12011 12066 12123 12185 12271 12374 12433 12649 12737 12877 12932 12989 
22 135
74 148 251 310 545 614 754 809 866 940 1014 1117 1176 1411 1480 1620 1675 1732 1806 1880 1983 2042 2277 2346 2486 2541 2598 2672 2746 2849 2908 3143 3212 3352 3407 3464 3538 3612 3715 3774 4009 4078 4218 4273 4330 4404 4478 4581 4640 4875 4944 5084 5139 5196 5270 5344 5447 5506 5741 5810 5950 6005 6062 6136 6210 6313 6372 6607 6676 6816 6871 6928 7002 7076 7179 7238 7473 7542 7682 7737 7794 7868 7942 8045 8104 8339 8408 8548 8603 8660 8734 8808 8911 8970 9205 9274 9414 9469 9526 9600 9674 9777 9836 10071 10140 10280 10335 10392 10466 10540 10643 10702 10937 11006 11146 11201 11258 11332 11406 11509 11568 11803 11872 12012 12067 12124 12198 12272 12375 12434 12669 12738 12878 12933 12990 
23 120
75 150 252 311 546 616 756 810 941 1016 1118 1177 1412 1482 1622 1676 1807 1882 1984 2043 2278 2348 2488 2542 2673 2748 2850 2909 3144 3214 3354 3408 3539 3614 3716 3775 4010 4080 4220 4274 4405 4480 4582 4641 4876 4946 5086 5140 5271 5346 5448 5507 5742 5812 5952 6006 6137 6212 6314 6373 6608 6678 6818 6872 7003 7078 7180 7239 7474 7544 7684 7738 7869 7944 8046 8105 8340 8410 8550 8604 8735 8810 8912 8971 9206 9276 9416 9470 9601 9676 9778 9837 10072 10142 10282 10336 10467 10542 10644 10703 10938 11008 11148 11202 11333 11408 11510 11569 11804 11874 12014 12068 12199 12274 12376 12435 12670 12740 12880 12934 
24 120
76 151 253 312 547 617 757 811 942 1017 1119 1178 1413 1483 1623 1677 1808 1883 1985 2044 2279 2349 2489 2543 2674 2749 2851 2910 3145 3215 3355 3409 3540 3615 3717 3776 4011 4081 4221 4275 4406 4481 4583 4642 4877 4947 5087 5141 5272 5347 5449 5508 5743 5813 5953 6007 6138 6213 6315 6374 6609 6679 6819 6873 7004 7079 7181 7240 7475 7545 7685 7739 7870 7945 8047 8106 8341 8411 8551 8605 8736 8811 8913 8972 9207 9277 9417 9471 9602 9677 9779 9838 10073 10143 10283 10337 10468 10543 10645 10704 10939 11009 11149 11203 11334 11409 11511 11570 11805 11875 12015 12069 12200 12275 12377 12436 12671 12741 12881 12935 
25 120
77 152 254 313 548 618 759 812 943 1018 1120 1179 1414 1484 1625 1678 1809 1884 1986 2045 2280 2350 2491 2544 2675 2750 2852 2911 3146 3216 3357 3410 3541 3616 3718 3777 4012 4082 4223 4276 4407 4482 4584 4643 4878 4948 5089 5142 5273 5348 5450 5509 5744 5814 5955 6008 6139 6214 6316 6375 6610 6680 6821 6874 7005 7080 7182 7241 7476 7546 7687 7740 7871 7946 8048 8107 8342 8412 8553 8606 8737 8812 8914 8973 9208 9278 9419 9472 9603 9678 9780 9839 10074 10144 10285 10338 10469 10544 10646 10705 10940 11010 11151 11204 11335 11410 11512 11571 11806 11876 12017 12070 12201 12276 12378 12437 12672 12742 12883 12936 
26 120
78 153 257 314 549 643 761 813 944 1019 1123 1180 1415 1509 1627 1679 1810 1885 1989 2046 2281 2375 2493 2545 2676 2751 2855 2912 3147 3241 3359 3411 3542 3617 3721 3778 4013 4107 4225 4277 4408 4483 4587 4644 4879 4973 5091 5143 5274 5349 5453 5510 5745 5839 5957 6009 6140 6215 6319 6376 6611 6705 6823 6875 7006 7081 7185 7242 7477 7571 7689 7741 7872 7947 8051 8108 8343 8437 8555 8607 8738 8813 8917 8974 9209 9303 9421 9473 9604 9679 9783 9840 10075 10169 10287 10339 10470 10545 10649 10706 10941 11035 11153 11205 11336 11411 11515 11572 11807 11901 12019 12071 12202 12277 12381 12438 12673 12767 12885 12937 
27 120
79 154 260 315 550 652 762 814 945 1020 1126 1181 1416 1518 1628 1680 1811 1886 1992 2047 2282 2384 2494 2546 2677 2752 2858 2913 3148 3250 3360 3412 3543 3618 3724 3779 4014 4116 4226 4278 4409 4484 4590 4645 4880 4982 5092 5144 5275 5350 5456 5511 5746 5848 5958 6010 6141 6216 6322 6377 6612 6714 6824 6876 7007 7082 7188 7243 7478 7580 7690 7742 7873 7948 8054 8109 8344 8446 8556 8608 8739 8814 8920 8975 9210 9312 9422 9474 9605 9680 9786 9841 10076 10178 10288 10340 10471 10546 10652 10707 10942 11044 11154 11206 11337 11412 11518 11573 11808 11910 12020 12072 12203 12278 12384 12439 12674 12776 12886 12938 
28 120
80 155 261 316 551 653 764 815 946 1021 1127 1182 1417 1519 1630 1681 1812 1887 1993 2048 2283 2385 2496 2547 2678 2753 2859 2914 3149 3251 3362 3413 3544 3619 3725 3780 4015 4117 4228 4279 4410 4485 4591 4646 4881 4983 5094 5145 5276 5351 5457 5512 5747 5849 5960 6011 6142 6217 6323 6378 6613 6715 6826 6877 7008 7083 7189 7244 7479 7581 7692 7743 7874 7949 8055 8110 8345 8447 8558 8609 8740 8815 8921 8976 9211 9313 9424 9475 9606 9681 9787 9842 10077 10179 10290 10341 10472 10547 10653 10708 10943 11045 11156 11207 11338 11413 11519 11574 11809 11911 12022 12073 12204 12279 12385 12440 12675 12777 12888 12939 
29 120
81 156 262 317 552 668 765 816 947 1022 1128 1183 1418 1534 1631 1682 1813 1888 1994 2049 2284 2400 2497 2548 2679 2754 2860 2915 3150 3266 3363 3414 3545 3620 3726 3781 4016 4132 4229 4280 4411 4486 4592 4647 4882 4998 5095 5146 5277 5352 5458 5513 5748 5864 5961 6012 6143 6218 6324 6379 6614 6730 6827 6878 7009 7084 7190 7245 7480 7596 7693 7744 7875 7950 8056 8111 8346 8462 8559 8610 8741 8816 8922 8977 9212 9328 9425 9476 9607 9682 9788 9843 10078 10194 10291 10342 10473 10548 10654 10709 10944 11060 11157 11208 11339 11414 11520 11575 11810 11926 12023 12074 12205 12280 12386 12441 12676 12792 12889 12940 
30 120
82 157 263 318 553 669 766 817 948 1023 1129 1184 1419 1535 1632 1683 1814 1889 1995 2050 2285 2401 2498 2549 2680 2755 2861 2916 3151 3267 3364 3415 3546 3621 3727 3782 4017 4133 4230 4281 4412 4487 4593 4648 4883 4999 5096 5147 5278 5353 5459 5514 5749 5865 5962 6013 6144 6219 6325 6380 6615 6731 6828 6879 7010 7085 7191 7246 7481 7597 7694 7745 7876 7951 8057 8112 8347 8463 8560 8611 8742 8817 8923 8978 9213 9329 9426 9477 9608 9683 9789 9844 10079 10195 10292 10343 10474 10549 10655 10710 10945 11061 11158 11209 11340 11415 11521 11576 11811 11927 12024 12075 12206 12281 12387 12442 12677 12793 12890 12941 
31 120
83 158 264 320 554 670 767 818 949 1024 1130 1186 1420 1536 1633 1684 1815 1890 1996 2052 2286 2402 2499 2550 2681 2756 2862 2918 3152 3268 3365 3416 3547 3622 3728 3784 4018 4134 4231 4282 4413 4488 4594 4650 4884 5000 5097 5148 5279 5354 5460 5516 5750 5866 5963 6014 6145 6220 6326 6382 6616 6732 6829 6880 7011 7086 7192 7248 7482 7598 7695 7746 7877 7952 8058 8114 8348 8464 8561 8612 8743 8818 8924 8980 9214 9330 9427 9478 9609 9684 9790 9846 10080 10196 10293 10344 10475 10550 10656 10712 10946 11062 11159 11210 11341 11416 11522 11578 11812 11928 12025 12076 12207 12282 12388 12444 12678 12794 12891 12942 
32 120
84 159 266 321 555 671 768 819 950 1025 1132 1187 1421 1537 1634 1685 1816 1891 1998 2053 2287 2403 2500 2551 2682 2757 2864 2919 3153 3269 3366 3417 3548 3623 3730 3785 4019 4135 4232 4283 4414 4489 4596 4651 4885 5001 5098 5149 5280 5355 5462 5517 5751 5867 5964 6015 6146 6221 6328 6383 6617 6733 6830 6881 7012 7087 7194 7249 7483 7599 7696 7747 7878 7953 8060 8115 8349 8465 8562 8613 8744 8819 8926 8981 9215 9331 9428 9479 9610 9685 9792 9847 10081 10197 10294 10345 10476 10551 10658 10713 10947 11063 11160 11211 11342 11417 11524 11579 11813 11929 12026 12077 12208 12283 12390 12445 12679 12795 12892 12943 
33 120
85 160 267 322 556 672 769 820 951 1026 1133 1188 1422 1538 1635 1686 1817 1892 1999 2054 2288 2404 2501 2552 2683 2758 2865 2920 3154 3270 3367 3418 3549 3624 3731 3786 4020 4136 4233 4284 4415 4490 4597 4652 4886 5002 5099 5150 5281 5356 5463 5518 5752 5868 5965 6016 6147 6222 6329 6384 6618 6734 6831 6882 7013 7088 7195 7250 7484 7600 7697 7748 7879 7954 8061 8116 8350 8466 8563 8614 8745 8820 8927 8982 9216 9332 9429 9480 9611 9686 9793 9848 10082 10198 10295 10346 10477 10552 10659 10714 10948 11064 11161 11212 11343 11418 11525 11580 11814 11930 12027 12078 12209 12284 12391 12446 12680 12796 12893 12944 
34 120
86 161 269 323 557 673 770 821 952 1027 1135 1189 1423 1539 1636 1687 1818 1893 2001 2055 2289 2405 2502 2553 2684 2759 2867 2921 3155 3271 3368 3419 3550 3625 3733 3787 4021 4137 4234 4285 4416 4491 4599 4653 4887 5003 5100 5151 5282 5357 5465 5519 5753 5869 5966 6017 6148 6223 6331 6385 6619 6735 6832 6883 7014 7089 7197 7251 7485 7601 7698 7749 7880 7955 8063 8117 8351 8467 8564 8615 8746 8821 8929 8983 9217 9333 9430 9481 9612 9687 9795 9849 10083 10199 10296 10347 10478 10553 10661 10715 10949 11065 11162 11213 11344 11419 11527 11581 11815 11931 12028 12079 12210 12285 12393 12447 12681 12797 12894 12945 
35 120
87 162 270 324 558 674 771 822 953 1028 1136 1190 1424 1540 1637 1688 1819 1894 2002 2056 2290 2406 2503 2554 2685 2760 2868 2922 3156 3272 3369 3420 3551 3626 3734 3788 4022 4138 4235 4286 4417 4492 4600 4654 4888 5004 5101 5152 5283 5358 5466 5520 5754 5870 5967 6018 6149 6224 6332 6386 6620 6736 6833 6884 7015 7090 7198 7252 7486 7602 7699 7750 7881 7956 8064 8118 8352 8468 8565 8616 8747 8822 8930 8984 9218 9334 9431 9482 9613 9688 9796 9850 10084 10200 10297 10348 10479 10554 10662 10716 10950 11066 11163 11214 11345 11420 11528 11582 11816 11932 12029 12080 12211 12286 12394 12448 12682 12798 12895 12946 
36 120
89 163 271 325 571 675 772 824 955 1029 1137 1191 1437 1541 1638 1690 1821 1895 2003 2057 2303 2407 2504 2556 2687 2761 2869 2923 3169 3273 3370 3422 3553 3627 3735 3789 4035 4139 4236 4288 4419 4493 4601 4655 4901 5005 5102 5154 5285 5359 5467 5521 5767 5871 5968 6020 6151 6225 6333 6387 6633 6737 6834 6886 7017 7091 7199 7253 7499 7603 7700 7752 7883 7957 8065 8119 8365 8469 8566 8618 8749 8823 8931 8985 9231 9335 9432 9484 9615 9689 9797 9851 10097 10201 10298 10350 10481 10555 10663 10717 10963 11067 11164 11216 11347 11421 11529 11583 11829 11933 12030 12082 12213 12287 12395 12449 12695 12799 12896 12948 
37 120
90 164 272 326 572 676 773 825 956 1030 1138 1192 1438 1542 1639 1691 1822 1896 2004 2058 2304 2408 2505 2557 2688 2762 2870 2924 3170 3274 3371 3423 3554 3628 3736 3790 4036 4140 4237 4289 4420 4494 4602 4656 4902 5006 5103 5155 5286 5360 5468 5522 5768 5872 5969 6021 6152 6226 6334 6388 6634 6738 6835 6887 7018 7092 7200 7254 7500 7604 7701 7753 7884 7958 8066 8120 8366 8470 8567 8619 8750 8824 8932 8986 9232 9336 9433 9485 9616 9690 9798 9852 10098 10202 10299 10351 10482 10556 10664 10718 10964 11068 11165 11217 11348 11422 11530 11584 11830 11934 12031 12083 12214 12288 12396 12450 12696 12800 12897 12949 
38 120
91 165 273 327 573 677 774 827 957 1031 1139 1193 1439 1543 1640 1693 1823 1897 2005 2059 2305 2409 2506 2559 2689 2763 2871 2925 3171 3275 3372 3425 3555 3629 3737 3791 4037 4141 4238 4291 4421 4495 4603 4657 4903 5007 5104 5157 5287 5361 5469 5523 5769 5873 5970 6023 6153 6227 6335 6389 6635 6739 6836 6889 7019 7093 7201 7255 7501 7605 7702 7755 7885 7959 8067 8121 8367 8471 8568 8621 8751 8825 8933 8987 9233 9337 9434 9487 9617 9691 9799 9853 10099 10203 10300 10353 10483 10557 10665 10719 10965 11069 11166 11219 11349 11423 11531 11585 11831 11935 12032 12085 12215 12289 12397 12451 12697 12801 12898 12951 
39 120
104 166 274 329 574 679 775 828 970 1032 1140 1195 1440 1545 1641 1694 1836 1898 2006 2061 2306 2411 2507 2560 2702 2764 2872 2927 3172 3277 3373 3426 3568 3630 3738 3793 4038 4143 4239 4292 4434 4496 4604 4659 4904 5009 5105 5158 5300 5362 5470 5525 5770 5875 5971 6024 6166 6228 6336 6391 6636 6741 6837 6890 7032 7094 7202 7257 7502 7607 7703 7756 7898 7960 8068 8123 8368 8473 8569 8622 8764 8826 8934 8989 9234 9339 9435 9488 9630 9692 9800 9855 10100 10205 10301 10354 10496 10558 10666 10721 10966 11071 11167 11220 11362 11424 11532 11587 11832 11937 12033 12086 12228 12290 12398 12453 12698 12803 12899 12952 
40 120
105 167 275 330 575 680 776 829 971 1033 1141 1196 1441 1546 1642 1695 1837 1899 2007 2062 2307 2412 2508 2561 2703 2765 2873 2928 3173 3278 3374 3427 3569 3631 3739 3794 4039 4144 4240 4293 4435 4497 4605 4660 4905 5010 5106 5159 5301 5363 5471 5526 5771 5876 5972 6025 6167 6229 6337 6392 6637 6742 6838 6891 7033 7095 7203 7258 7503 7608 7704 7757 7899 7961 8069 8124 8369 8474 8570 8623 8765 8827 8935 8990 9235 9340 9436 9489 9631 9693 9801 9856 10101 10206 10302 10355 10497 10559 10667 10722 10967 11072 11168 11221 11363 11425 11533 11588 11833 11938 12034 12087 12229 12291 12399 12454 12699 12804 12900 12953 
41 120
106 168 276 332 576 681 777 830 972 1034 1142 1198 1442 1547 1643 1696 1838 1900 2008 2064 2308 2413 2509 2562 2704 2766 2874 2930 3174 3279 3375 3428 3570 3632 3740 3796 4040 4145 4241 4294 4436 4498 4606 4662 4906 5011 5107 5160 5302 5364 5472 5528 5772 5877 5973 6026 6168 6230 6338 6394 6638 6743 6839 6892 7034 7096 7204 7260 7504 7609 7705 7758 7900 7962 8070 8126 8370 8475 8571 8624 8766 8828 8936 8992 9236 9341 9437 9490 9632 9694 9802 9858 10102 10207 10303 10356 10498 10560 10668 10724 10968 11073 11169 11222 11364 11426 11534 11590 11834 11939 12035 12088 12230 12292 12400 12456 12700 12805 12901 12954 
42 120
107 169 277 333 577 682 778 831 973 1035 1143 1199 1443 1548 1644 1697 1839 1901 2009 2065 2309 2414 2510 2563 2705 2767 2875 2931 3175 3280 3376 3429 3571 3633 3741 3797 4041 4146 4242 4295 4437 4499 4607 4663 4907 5012 5108 5161 5303 5365 5473 5529 5773 5878 5974 6027 6169 6231 6339 6395 6639 6744 6840 6893 7035 7097 7205 7261 7505 7610 7706 7759 7901 7963 8071 8127 8371 8476 8572 8625 8767 8829 8937 8993 9237 9342 9438 9491 9633 9695 9803 9859 10103 10208 10304 10357 10499 10561 10669 10725 10969 11074 11170 11223 11365 11427 11535 11591 11835 11940 12036 12089 12231 12293 12401 12457 12701 12806 12902 12955 
43 120
108 176 278 335 578 683 779 832 974 1042 1144 1201 1444 1549 1645 1698 1840 1908 2010 2067 2310 2415 2511 2564 2706 2774 2876 2933 3176 3281 3377 3430 3572 3640 3742 3799 4042 4147 4243 4296 4438 4506 4608 4665 4908 5013 5109 5162 5304 5372 5474 5531 5774 5879 5975 6028 6170 6238 6340 6397 6640 6745 6841 6894 7036 7104 7206 7263 7506 7611 7707 7760 7902 7970 8072 8129 8372 8477 8573 8626 8768 8836 8938 8995 9238 9343 9439 9492 9634 9702 9804 9861 10104 10209 10305 10358 10500 10568 10670 10727 10970 11075 11171 11224 11366 11434 11536 11593 11836 11941 12037 12090 12232 12300 12402 12459 12702 12807 12903 12956 
44 120
109 177 279 336 579 684 780 833 975 1043 1145 1202 1445 1550 1646 1699 1841 1909 2011 2068 2311 2416 2512 2565 2707 2775 2877 2934 3177 3282 3378 3431 3573 3641 3743 3800 4043 4148 4244 4297 4439 4507 4609 4666 4909 5014 5110 5163 5305 5373 5475 5532 5775 5880 5976 6029 6171 6239 6341 6398 6641 6746 6842 6895 7037 7105 7207 7264 7507 7612 7708 7761 7903 7971 8073 8130 8373 8478 8574 8627 8769 8837 8939 8996 9239 9344 9440 9493 9635 9703 9805 9862 10105 10210 10306 10359 10501 10569 10671 10728 10971 11076 11172 11225 11367 11435 11537 11594 11837 11942 12038 12091 12233 12301 12403 12460 12703 12808 12904 12957 
45 120
110 179 280 338 580 689 781 834 976 1045 1146 1204 1446 1555 1647 1700 1842 1911 2012 2070 2312 2421 2513 2566 2708 2777 2878 2936 3178 3287 3379 3432 3574 3643 3744 3802 4044 4153 4245 4298 4440 4509 4610 4668 4910 5019 5111 5164 5306 5375 5476 5534 5776 5885 5977 6030 6172 6241 6342 6400 6642 6751 6843 6896 7038 7107 7208 7266 7508 7617 7709 7762 7904 7973 8074 8132 8374 8483 8575 8628 8770 8839 8940 8998 9240 9349 9441 9494 9636 9705 9806 9864 10106 10215 10307 10360 10502 10571 10672 10730 10972 11081 11173 11226 11368 11437 11538 11596 11838 11947 12039 12092 12234 12303 12404 12462 12704 12813 12905 12958 
46 120
111 180 281 339 581 693 782 835 977 1046 1147 1205 1447 1559 1648 1701 1843 1912 2013 2071 2313 2425 2514 2567 2709 2778 2879 2937 3179 3291 3380 3433 3575 3644 3745 3803 4045 4157 4246 4299 4441 4510 4611 4669 4911 5023 5112 5165 5307 5376 5477 5535 5777 5889 5978 6031 6173 6242 6343 6401 6643 6755 6844 6897 7039 7108 7209 7267 7509 7621 7710 7763 7905 7974 8075 8133 8375 8487 8576 8629 8771 8840 8941 8999 9241 9353 9442 9495 9637 9706 9807 9865 10107 10219 10308 10361 10503 10572 10673 10731 10973 11085 11174 11227 11369 11438 11539 11597 11839 11951 12040 12093 12235 12304 12405 12463 12705 12817 12906 12959 
47 120
112 202 282 342 582 694 783 836 978 1068 1148 1208 1448 1560 1649 1702 1844 1934 2014 2074 2314 2426 2515 2568 2710 2800 2880 2940 3180 3292 3381 3434 3576 3666 3746 3806 4046 4158 4247 4300 4442 4532 4612 4672 4912 5024 5113 5166 5308 5398 5478 5538 5778 5890 5979 6032 6174 6264 6344 6404 6644 6756 6845 6898 7040 7130 7210 7270 7510 7622 7711 7764 7906 7996 8076 8136 8376 8488 8577 8630 8772 8862 8942 9002 9242 9354 9443 9496 9638 9728 9808 9868 10108 10220 10309 10362 10504 10594 10674 10734 10974 11086 11175 11228 11370 11460 11540 11600 11840 11952 12041 12094 12236 12326 12406 12466 12706 12818 12907 12960 

Obtained 10 stack frames.
/scratch/wuda/e3sm/scratch/F2010_ne4_oQU240/bld/e3sm.exe() [0x1dfd6f4]
/scratch/wuda/e3sm/scratch/F2010_ne4_oQU240/bld/e3sm.exe() [0x1e009b5]
/scratch/wuda/e3sm/scratch/F2010_ne4_oQU240/bld/e3sm.exe() [0x1e050a4]
/scratch/wuda/e3sm/scratch/F2010_ne4_oQU240/bld/e3sm.exe() [0x1dbef6e]
/scratch/wuda/e3sm/scratch/F2010_ne4_oQU240/bld/e3sm.exe() [0x1564956]
/scratch/wuda/e3sm/scratch/F2010_ne4_oQU240/bld/e3sm.exe() [0x1568f9f]
/scratch/wuda/e3sm/scratch/F2010_ne4_oQU240/bld/e3sm.exe() [0x12e4524]
/scratch/wuda/e3sm/scratch/F2010_ne4_oQU240/bld/e3sm.exe() [0xf88f3a]
/scratch/wuda/e3sm/scratch/F2010_ne4_oQU240/bld/e3sm.exe() [0xf6d9e9]
/scratch/wuda/e3sm/scratch/F2010_ne4_oQU240/bld/e3sm.exe() [0x43664c]
ioid	522
