version 2001 npes 48 ndims 2 
1 866 
0 9
9 113 208 284 374 583 695 784 837 
1 9
10 114 209 285 375 584 696 785 838 
2 9
13 115 210 290 377 586 697 786 839 
3 9
14 116 211 291 378 587 698 787 840 
4 9
33 117 212 292 392 588 700 788 841 
5 9
34 118 213 293 449 593 701 789 842 
6 9
36 119 214 294 452 594 702 791 843 
7 9
37 120 215 295 507 596 703 792 844 
8 9
39 121 216 296 508 597 704 793 845 
9 9
40 122 217 297 510 599 705 794 846 
10 9
44 123 218 298 511 600 709 795 851 
11 9
47 124 240 299 513 601 710 797 852 
12 9
48 125 241 300 514 602 711 798 853 
13 9
49 126 242 301 516 603 712 799 854 
14 9
50 127 243 302 517 604 713 800 855 
15 9
51 128 244 303 518 605 718 801 857 
16 9
52 129 245 304 520 606 719 802 858 
17 9
53 130 246 305 521 607 721 804 859 
18 9
54 143 247 306 522 608 749 805 861 
19 9
57 144 248 307 523 609 750 806 863 
20 9
58 145 249 308 524 610 752 807 864 
21 9
61 147 250 309 525 613 753 808 865 
22 9
74 148 251 310 545 614 754 809 866 
23 8
75 150 252 311 546 616 756 810 
24 8
76 151 253 312 547 617 757 811 
25 8
77 152 254 313 548 618 759 812 
26 8
78 153 257 314 549 643 761 813 
27 8
79 154 260 315 550 652 762 814 
28 8
80 155 261 316 551 653 764 815 
29 8
81 156 262 317 552 668 765 816 
30 8
82 157 263 318 553 669 766 817 
31 8
83 158 264 320 554 670 767 818 
32 8
84 159 266 321 555 671 768 819 
33 8
85 160 267 322 556 672 769 820 
34 8
86 161 269 323 557 673 770 821 
35 8
87 162 270 324 558 674 771 822 
36 8
89 163 271 325 571 675 772 824 
37 8
90 164 272 326 572 676 773 825 
38 8
91 165 273 327 573 677 774 827 
39 8
104 166 274 329 574 679 775 828 
40 8
105 167 275 330 575 680 776 829 
41 8
106 168 276 332 576 681 777 830 
42 8
107 169 277 333 577 682 778 831 
43 8
108 176 278 335 578 683 779 832 
44 8
109 177 279 336 579 684 780 833 
45 8
110 179 280 338 580 689 781 834 
46 8
111 180 281 339 581 693 782 835 
47 8
112 202 282 342 582 694 783 836 

Obtained 10 stack frames.
/scratch/wuda/e3sm/scratch/F2010_ne4_oQU240/bld/e3sm.exe() [0x1dfd6f4]
/scratch/wuda/e3sm/scratch/F2010_ne4_oQU240/bld/e3sm.exe() [0x1e009b5]
/scratch/wuda/e3sm/scratch/F2010_ne4_oQU240/bld/e3sm.exe() [0x1e050a4]
/scratch/wuda/e3sm/scratch/F2010_ne4_oQU240/bld/e3sm.exe() [0x1dbef6e]
/scratch/wuda/e3sm/scratch/F2010_ne4_oQU240/bld/e3sm.exe() [0x1564956]
/scratch/wuda/e3sm/scratch/F2010_ne4_oQU240/bld/e3sm.exe() [0x157079d]
/scratch/wuda/e3sm/scratch/F2010_ne4_oQU240/bld/e3sm.exe() [0x1051f8d]
/scratch/wuda/e3sm/scratch/F2010_ne4_oQU240/bld/e3sm.exe() [0xf88e26]
/scratch/wuda/e3sm/scratch/F2010_ne4_oQU240/bld/e3sm.exe() [0xf6d9e9]
/scratch/wuda/e3sm/scratch/F2010_ne4_oQU240/bld/e3sm.exe() [0x43664c]
ioid	518
