version 2001 npes 48 ndims 2 
11 866 
0 198
35 131 227 323 419 515 611 707 803 901 997 1093 1189 1285 1381 1477 1573 1669 1767 1863 1959 2055 2151 2247 2343 2439 2535 2633 2729 2825 2921 3017 3113 3209 3305 3401 3499 3595 3691 3787 3883 3979 4075 4171 4267 4365 4461 4557 4653 4749 4845 4941 5037 5133 5231 5327 5423 5519 5615 5711 5807 5903 5999 6097 6193 6289 6385 6481 6577 6673 6769 6865 6963 7059 7155 7251 7347 7443 7539 7635 7731 7829 7925 8021 8117 8213 8309 8405 8501 8597 8695 8791 8887 8983 9079 9175 9271 9367 9463 36 132 228 324 420 516 612 708 804 902 998 1094 1190 1286 1382 1478 1574 1670 1768 1864 1960 2056 2152 2248 2344 2440 2536 2634 2730 2826 2922 3018 3114 3210 3306 3402 3500 3596 3692 3788 3884 3980 4076 4172 4268 4366 4462 4558 4654 4750 4846 4942 5038 5134 5232 5328 5424 5520 5616 5712 5808 5904 6000 6098 6194 6290 6386 6482 6578 6674 6770 6866 6964 7060 7156 7252 7348 7444 7540 7636 7732 7830 7926 8022 8118 8214 8310 8406 8502 8598 8696 8792 8888 8984 9080 9176 9272 9368 9464 
1 220
2 98 194 290 386 482 578 674 770 866 868 964 1060 1156 1252 1348 1444 1540 1636 1732 1734 1830 1926 2022 2118 2214 2310 2406 2502 2598 2600 2696 2792 2888 2984 3080 3176 3272 3368 3464 3466 3562 3658 3754 3850 3946 4042 4138 4234 4330 4332 4428 4524 4620 4716 4812 4908 5004 5100 5196 5198 5294 5390 5486 5582 5678 5774 5870 5966 6062 6064 6160 6256 6352 6448 6544 6640 6736 6832 6928 6930 7026 7122 7218 7314 7410 7506 7602 7698 7794 7796 7892 7988 8084 8180 8276 8372 8468 8564 8660 8662 8758 8854 8950 9046 9142 9238 9334 9430 9526 4 100 196 292 388 484 580 676 772 0 870 966 1062 1158 1254 1350 1446 1542 1638 0 1736 1832 1928 2024 2120 2216 2312 2408 2504 0 2602 2698 2794 2890 2986 3082 3178 3274 3370 0 3468 3564 3660 3756 3852 3948 4044 4140 4236 0 4334 4430 4526 4622 4718 4814 4910 5006 5102 0 5200 5296 5392 5488 5584 5680 5776 5872 5968 0 6066 6162 6258 6354 6450 6546 6642 6738 6834 0 6932 7028 7124 7220 7316 7412 7508 7604 7700 0 7798 7894 7990 8086 8182 8278 8374 8470 8566 0 8664 8760 8856 8952 9048 9144 9240 9336 9432 0 
2 220
1 97 193 289 385 481 577 673 769 865 867 963 1059 1155 1251 1347 1443 1539 1635 1731 1733 1829 1925 2021 2117 2213 2309 2405 2501 2597 2599 2695 2791 2887 2983 3079 3175 3271 3367 3463 3465 3561 3657 3753 3849 3945 4041 4137 4233 4329 4331 4427 4523 4619 4715 4811 4907 5003 5099 5195 5197 5293 5389 5485 5581 5677 5773 5869 5965 6061 6063 6159 6255 6351 6447 6543 6639 6735 6831 6927 6929 7025 7121 7217 7313 7409 7505 7601 7697 7793 7795 7891 7987 8083 8179 8275 8371 8467 8563 8659 8661 8757 8853 8949 9045 9141 9237 9333 9429 9525 3 99 195 291 387 483 579 675 771 0 869 965 1061 1157 1253 1349 1445 1541 1637 0 1735 1831 1927 2023 2119 2215 2311 2407 2503 0 2601 2697 2793 2889 2985 3081 3177 3273 3369 0 3467 3563 3659 3755 3851 3947 4043 4139 4235 0 4333 4429 4525 4621 4717 4813 4909 5005 5101 0 5199 5295 5391 5487 5583 5679 5775 5871 5967 0 6065 6161 6257 6353 6449 6545 6641 6737 6833 0 6931 7027 7123 7219 7315 7411 7507 7603 7699 0 7797 7893 7989 8085 8181 8277 8373 8469 8565 0 8663 8759 8855 8951 9047 9143 9239 9335 9431 0 
3 198
17 113 209 305 401 497 593 689 785 883 979 1075 1171 1267 1363 1459 1555 1651 1749 1845 1941 2037 2133 2229 2325 2421 2517 2615 2711 2807 2903 2999 3095 3191 3287 3383 3481 3577 3673 3769 3865 3961 4057 4153 4249 4347 4443 4539 4635 4731 4827 4923 5019 5115 5213 5309 5405 5501 5597 5693 5789 5885 5981 6079 6175 6271 6367 6463 6559 6655 6751 6847 6945 7041 7137 7233 7329 7425 7521 7617 7713 7811 7907 8003 8099 8195 8291 8387 8483 8579 8677 8773 8869 8965 9061 9157 9253 9349 9445 18 114 210 306 402 498 594 690 786 884 980 1076 1172 1268 1364 1460 1556 1652 1750 1846 1942 2038 2134 2230 2326 2422 2518 2616 2712 2808 2904 3000 3096 3192 3288 3384 3482 3578 3674 3770 3866 3962 4058 4154 4250 4348 4444 4540 4636 4732 4828 4924 5020 5116 5214 5310 5406 5502 5598 5694 5790 5886 5982 6080 6176 6272 6368 6464 6560 6656 6752 6848 6946 7042 7138 7234 7330 7426 7522 7618 7714 7812 7908 8004 8100 8196 8292 8388 8484 8580 8678 8774 8870 8966 9062 9158 9254 9350 9446 
4 198
29 125 221 317 413 509 605 701 797 895 991 1087 1183 1279 1375 1471 1567 1663 1761 1857 1953 2049 2145 2241 2337 2433 2529 2627 2723 2819 2915 3011 3107 3203 3299 3395 3493 3589 3685 3781 3877 3973 4069 4165 4261 4359 4455 4551 4647 4743 4839 4935 5031 5127 5225 5321 5417 5513 5609 5705 5801 5897 5993 6091 6187 6283 6379 6475 6571 6667 6763 6859 6957 7053 7149 7245 7341 7437 7533 7629 7725 7823 7919 8015 8111 8207 8303 8399 8495 8591 8689 8785 8881 8977 9073 9169 9265 9361 9457 30 126 222 318 414 510 606 702 798 896 992 1088 1184 1280 1376 1472 1568 1664 1762 1858 1954 2050 2146 2242 2338 2434 2530 2628 2724 2820 2916 3012 3108 3204 3300 3396 3494 3590 3686 3782 3878 3974 4070 4166 4262 4360 4456 4552 4648 4744 4840 4936 5032 5128 5226 5322 5418 5514 5610 5706 5802 5898 5994 6092 6188 6284 6380 6476 6572 6668 6764 6860 6958 7054 7150 7246 7342 7438 7534 7630 7726 7824 7920 8016 8112 8208 8304 8400 8496 8592 8690 8786 8882 8978 9074 9170 9266 9362 9458 
5 198
41 137 233 329 425 521 617 713 809 907 1003 1099 1195 1291 1387 1483 1579 1675 1773 1869 1965 2061 2157 2253 2349 2445 2541 2639 2735 2831 2927 3023 3119 3215 3311 3407 3505 3601 3697 3793 3889 3985 4081 4177 4273 4371 4467 4563 4659 4755 4851 4947 5043 5139 5237 5333 5429 5525 5621 5717 5813 5909 6005 6103 6199 6295 6391 6487 6583 6679 6775 6871 6969 7065 7161 7257 7353 7449 7545 7641 7737 7835 7931 8027 8123 8219 8315 8411 8507 8603 8701 8797 8893 8989 9085 9181 9277 9373 9469 42 138 234 330 426 522 618 714 810 908 1004 1100 1196 1292 1388 1484 1580 1676 1774 1870 1966 2062 2158 2254 2350 2446 2542 2640 2736 2832 2928 3024 3120 3216 3312 3408 3506 3602 3698 3794 3890 3986 4082 4178 4274 4372 4468 4564 4660 4756 4852 4948 5044 5140 5238 5334 5430 5526 5622 5718 5814 5910 6006 6104 6200 6296 6392 6488 6584 6680 6776 6872 6970 7066 7162 7258 7354 7450 7546 7642 7738 7836 7932 8028 8124 8220 8316 8412 8508 8604 8702 8798 8894 8990 9086 9182 9278 9374 9470 
6 198
19 115 211 307 403 499 595 691 787 885 981 1077 1173 1269 1365 1461 1557 1653 1751 1847 1943 2039 2135 2231 2327 2423 2519 2617 2713 2809 2905 3001 3097 3193 3289 3385 3483 3579 3675 3771 3867 3963 4059 4155 4251 4349 4445 4541 4637 4733 4829 4925 5021 5117 5215 5311 5407 5503 5599 5695 5791 5887 5983 6081 6177 6273 6369 6465 6561 6657 6753 6849 6947 7043 7139 7235 7331 7427 7523 7619 7715 7813 7909 8005 8101 8197 8293 8389 8485 8581 8679 8775 8871 8967 9063 9159 9255 9351 9447 20 116 212 308 404 500 596 692 788 886 982 1078 1174 1270 1366 1462 1558 1654 1752 1848 1944 2040 2136 2232 2328 2424 2520 2618 2714 2810 2906 3002 3098 3194 3290 3386 3484 3580 3676 3772 3868 3964 4060 4156 4252 4350 4446 4542 4638 4734 4830 4926 5022 5118 5216 5312 5408 5504 5600 5696 5792 5888 5984 6082 6178 6274 6370 6466 6562 6658 6754 6850 6948 7044 7140 7236 7332 7428 7524 7620 7716 7814 7910 8006 8102 8198 8294 8390 8486 8582 8680 8776 8872 8968 9064 9160 9256 9352 9448 
7 198
56 152 248 344 440 536 632 728 824 922 1018 1114 1210 1306 1402 1498 1594 1690 1788 1884 1980 2076 2172 2268 2364 2460 2556 2654 2750 2846 2942 3038 3134 3230 3326 3422 3520 3616 3712 3808 3904 4000 4096 4192 4288 4386 4482 4578 4674 4770 4866 4962 5058 5154 5252 5348 5444 5540 5636 5732 5828 5924 6020 6118 6214 6310 6406 6502 6598 6694 6790 6886 6984 7080 7176 7272 7368 7464 7560 7656 7752 7850 7946 8042 8138 8234 8330 8426 8522 8618 8716 8812 8908 9004 9100 9196 9292 9388 9484 57 153 249 345 441 537 633 729 825 923 1019 1115 1211 1307 1403 1499 1595 1691 1789 1885 1981 2077 2173 2269 2365 2461 2557 2655 2751 2847 2943 3039 3135 3231 3327 3423 3521 3617 3713 3809 3905 4001 4097 4193 4289 4387 4483 4579 4675 4771 4867 4963 5059 5155 5253 5349 5445 5541 5637 5733 5829 5925 6021 6119 6215 6311 6407 6503 6599 6695 6791 6887 6985 7081 7177 7273 7369 7465 7561 7657 7753 7851 7947 8043 8139 8235 8331 8427 8523 8619 8717 8813 8909 9005 9101 9197 9293 9389 9485 
8 198
7 103 199 295 391 487 583 679 775 873 969 1065 1161 1257 1353 1449 1545 1641 1739 1835 1931 2027 2123 2219 2315 2411 2507 2605 2701 2797 2893 2989 3085 3181 3277 3373 3471 3567 3663 3759 3855 3951 4047 4143 4239 4337 4433 4529 4625 4721 4817 4913 5009 5105 5203 5299 5395 5491 5587 5683 5779 5875 5971 6069 6165 6261 6357 6453 6549 6645 6741 6837 6935 7031 7127 7223 7319 7415 7511 7607 7703 7801 7897 7993 8089 8185 8281 8377 8473 8569 8667 8763 8859 8955 9051 9147 9243 9339 9435 8 104 200 296 392 488 584 680 776 874 970 1066 1162 1258 1354 1450 1546 1642 1740 1836 1932 2028 2124 2220 2316 2412 2508 2606 2702 2798 2894 2990 3086 3182 3278 3374 3472 3568 3664 3760 3856 3952 4048 4144 4240 4338 4434 4530 4626 4722 4818 4914 5010 5106 5204 5300 5396 5492 5588 5684 5780 5876 5972 6070 6166 6262 6358 6454 6550 6646 6742 6838 6936 7032 7128 7224 7320 7416 7512 7608 7704 7802 7898 7994 8090 8186 8282 8378 8474 8570 8668 8764 8860 8956 9052 9148 9244 9340 9436 
9 198
62 158 254 350 446 542 638 734 830 928 1024 1120 1216 1312 1408 1504 1600 1696 1794 1890 1986 2082 2178 2274 2370 2466 2562 2660 2756 2852 2948 3044 3140 3236 3332 3428 3526 3622 3718 3814 3910 4006 4102 4198 4294 4392 4488 4584 4680 4776 4872 4968 5064 5160 5258 5354 5450 5546 5642 5738 5834 5930 6026 6124 6220 6316 6412 6508 6604 6700 6796 6892 6990 7086 7182 7278 7374 7470 7566 7662 7758 7856 7952 8048 8144 8240 8336 8432 8528 8624 8722 8818 8914 9010 9106 9202 9298 9394 9490 63 159 255 351 447 543 639 735 831 929 1025 1121 1217 1313 1409 1505 1601 1697 1795 1891 1987 2083 2179 2275 2371 2467 2563 2661 2757 2853 2949 3045 3141 3237 3333 3429 3527 3623 3719 3815 3911 4007 4103 4199 4295 4393 4489 4585 4681 4777 4873 4969 5065 5161 5259 5355 5451 5547 5643 5739 5835 5931 6027 6125 6221 6317 6413 6509 6605 6701 6797 6893 6991 7087 7183 7279 7375 7471 7567 7663 7759 7857 7953 8049 8145 8241 8337 8433 8529 8625 8723 8819 8915 9011 9107 9203 9299 9395 9491 
10 198
26 122 218 314 410 506 602 698 794 892 988 1084 1180 1276 1372 1468 1564 1660 1758 1854 1950 2046 2142 2238 2334 2430 2526 2624 2720 2816 2912 3008 3104 3200 3296 3392 3490 3586 3682 3778 3874 3970 4066 4162 4258 4356 4452 4548 4644 4740 4836 4932 5028 5124 5222 5318 5414 5510 5606 5702 5798 5894 5990 6088 6184 6280 6376 6472 6568 6664 6760 6856 6954 7050 7146 7242 7338 7434 7530 7626 7722 7820 7916 8012 8108 8204 8300 8396 8492 8588 8686 8782 8878 8974 9070 9166 9262 9358 9454 27 123 219 315 411 507 603 699 795 893 989 1085 1181 1277 1373 1469 1565 1661 1759 1855 1951 2047 2143 2239 2335 2431 2527 2625 2721 2817 2913 3009 3105 3201 3297 3393 3491 3587 3683 3779 3875 3971 4067 4163 4259 4357 4453 4549 4645 4741 4837 4933 5029 5125 5223 5319 5415 5511 5607 5703 5799 5895 5991 6089 6185 6281 6377 6473 6569 6665 6761 6857 6955 7051 7147 7243 7339 7435 7531 7627 7723 7821 7917 8013 8109 8205 8301 8397 8493 8589 8687 8783 8879 8975 9071 9167 9263 9359 9455 
11 198
37 133 229 325 421 517 613 709 805 903 999 1095 1191 1287 1383 1479 1575 1671 1769 1865 1961 2057 2153 2249 2345 2441 2537 2635 2731 2827 2923 3019 3115 3211 3307 3403 3501 3597 3693 3789 3885 3981 4077 4173 4269 4367 4463 4559 4655 4751 4847 4943 5039 5135 5233 5329 5425 5521 5617 5713 5809 5905 6001 6099 6195 6291 6387 6483 6579 6675 6771 6867 6965 7061 7157 7253 7349 7445 7541 7637 7733 7831 7927 8023 8119 8215 8311 8407 8503 8599 8697 8793 8889 8985 9081 9177 9273 9369 9465 38 134 230 326 422 518 614 710 806 904 1000 1096 1192 1288 1384 1480 1576 1672 1770 1866 1962 2058 2154 2250 2346 2442 2538 2636 2732 2828 2924 3020 3116 3212 3308 3404 3502 3598 3694 3790 3886 3982 4078 4174 4270 4368 4464 4560 4656 4752 4848 4944 5040 5136 5234 5330 5426 5522 5618 5714 5810 5906 6002 6100 6196 6292 6388 6484 6580 6676 6772 6868 6966 7062 7158 7254 7350 7446 7542 7638 7734 7832 7928 8024 8120 8216 8312 8408 8504 8600 8698 8794 8890 8986 9082 9178 9274 9370 9466 
12 198
5 101 197 293 389 485 581 677 773 871 967 1063 1159 1255 1351 1447 1543 1639 1737 1833 1929 2025 2121 2217 2313 2409 2505 2603 2699 2795 2891 2987 3083 3179 3275 3371 3469 3565 3661 3757 3853 3949 4045 4141 4237 4335 4431 4527 4623 4719 4815 4911 5007 5103 5201 5297 5393 5489 5585 5681 5777 5873 5969 6067 6163 6259 6355 6451 6547 6643 6739 6835 6933 7029 7125 7221 7317 7413 7509 7605 7701 7799 7895 7991 8087 8183 8279 8375 8471 8567 8665 8761 8857 8953 9049 9145 9241 9337 9433 6 102 198 294 390 486 582 678 774 872 968 1064 1160 1256 1352 1448 1544 1640 1738 1834 1930 2026 2122 2218 2314 2410 2506 2604 2700 2796 2892 2988 3084 3180 3276 3372 3470 3566 3662 3758 3854 3950 4046 4142 4238 4336 4432 4528 4624 4720 4816 4912 5008 5104 5202 5298 5394 5490 5586 5682 5778 5874 5970 6068 6164 6260 6356 6452 6548 6644 6740 6836 6934 7030 7126 7222 7318 7414 7510 7606 7702 7800 7896 7992 8088 8184 8280 8376 8472 8568 8666 8762 8858 8954 9050 9146 9242 9338 9434 
13 198
14 110 206 302 398 494 590 686 782 880 976 1072 1168 1264 1360 1456 1552 1648 1746 1842 1938 2034 2130 2226 2322 2418 2514 2612 2708 2804 2900 2996 3092 3188 3284 3380 3478 3574 3670 3766 3862 3958 4054 4150 4246 4344 4440 4536 4632 4728 4824 4920 5016 5112 5210 5306 5402 5498 5594 5690 5786 5882 5978 6076 6172 6268 6364 6460 6556 6652 6748 6844 6942 7038 7134 7230 7326 7422 7518 7614 7710 7808 7904 8000 8096 8192 8288 8384 8480 8576 8674 8770 8866 8962 9058 9154 9250 9346 9442 15 111 207 303 399 495 591 687 783 881 977 1073 1169 1265 1361 1457 1553 1649 1747 1843 1939 2035 2131 2227 2323 2419 2515 2613 2709 2805 2901 2997 3093 3189 3285 3381 3479 3575 3671 3767 3863 3959 4055 4151 4247 4345 4441 4537 4633 4729 4825 4921 5017 5113 5211 5307 5403 5499 5595 5691 5787 5883 5979 6077 6173 6269 6365 6461 6557 6653 6749 6845 6943 7039 7135 7231 7327 7423 7519 7615 7711 7809 7905 8001 8097 8193 8289 8385 8481 8577 8675 8771 8867 8963 9059 9155 9251 9347 9443 
14 198
61 157 253 349 445 541 637 733 829 927 1023 1119 1215 1311 1407 1503 1599 1695 1793 1889 1985 2081 2177 2273 2369 2465 2561 2659 2755 2851 2947 3043 3139 3235 3331 3427 3525 3621 3717 3813 3909 4005 4101 4197 4293 4391 4487 4583 4679 4775 4871 4967 5063 5159 5257 5353 5449 5545 5641 5737 5833 5929 6025 6123 6219 6315 6411 6507 6603 6699 6795 6891 6989 7085 7181 7277 7373 7469 7565 7661 7757 7855 7951 8047 8143 8239 8335 8431 8527 8623 8721 8817 8913 9009 9105 9201 9297 9393 9489 80 176 272 368 464 560 656 752 848 946 1042 1138 1234 1330 1426 1522 1618 1714 1812 1908 2004 2100 2196 2292 2388 2484 2580 2678 2774 2870 2966 3062 3158 3254 3350 3446 3544 3640 3736 3832 3928 4024 4120 4216 4312 4410 4506 4602 4698 4794 4890 4986 5082 5178 5276 5372 5468 5564 5660 5756 5852 5948 6044 6142 6238 6334 6430 6526 6622 6718 6814 6910 7008 7104 7200 7296 7392 7488 7584 7680 7776 7874 7970 8066 8162 8258 8354 8450 8546 8642 8740 8836 8932 9028 9124 9220 9316 9412 9508 
15 198
21 117 213 309 405 501 597 693 789 887 983 1079 1175 1271 1367 1463 1559 1655 1753 1849 1945 2041 2137 2233 2329 2425 2521 2619 2715 2811 2907 3003 3099 3195 3291 3387 3485 3581 3677 3773 3869 3965 4061 4157 4253 4351 4447 4543 4639 4735 4831 4927 5023 5119 5217 5313 5409 5505 5601 5697 5793 5889 5985 6083 6179 6275 6371 6467 6563 6659 6755 6851 6949 7045 7141 7237 7333 7429 7525 7621 7717 7815 7911 8007 8103 8199 8295 8391 8487 8583 8681 8777 8873 8969 9065 9161 9257 9353 9449 22 118 214 310 406 502 598 694 790 888 984 1080 1176 1272 1368 1464 1560 1656 1754 1850 1946 2042 2138 2234 2330 2426 2522 2620 2716 2812 2908 3004 3100 3196 3292 3388 3486 3582 3678 3774 3870 3966 4062 4158 4254 4352 4448 4544 4640 4736 4832 4928 5024 5120 5218 5314 5410 5506 5602 5698 5794 5890 5986 6084 6180 6276 6372 6468 6564 6660 6756 6852 6950 7046 7142 7238 7334 7430 7526 7622 7718 7816 7912 8008 8104 8200 8296 8392 8488 8584 8682 8778 8874 8970 9066 9162 9258 9354 9450 
16 198
89 185 281 377 473 569 665 761 857 955 1051 1147 1243 1339 1435 1531 1627 1723 1821 1917 2013 2109 2205 2301 2397 2493 2589 2687 2783 2879 2975 3071 3167 3263 3359 3455 3553 3649 3745 3841 3937 4033 4129 4225 4321 4419 4515 4611 4707 4803 4899 4995 5091 5187 5285 5381 5477 5573 5669 5765 5861 5957 6053 6151 6247 6343 6439 6535 6631 6727 6823 6919 7017 7113 7209 7305 7401 7497 7593 7689 7785 7883 7979 8075 8171 8267 8363 8459 8555 8651 8749 8845 8941 9037 9133 9229 9325 9421 9517 90 186 282 378 474 570 666 762 858 956 1052 1148 1244 1340 1436 1532 1628 1724 1822 1918 2014 2110 2206 2302 2398 2494 2590 2688 2784 2880 2976 3072 3168 3264 3360 3456 3554 3650 3746 3842 3938 4034 4130 4226 4322 4420 4516 4612 4708 4804 4900 4996 5092 5188 5286 5382 5478 5574 5670 5766 5862 5958 6054 6152 6248 6344 6440 6536 6632 6728 6824 6920 7018 7114 7210 7306 7402 7498 7594 7690 7786 7884 7980 8076 8172 8268 8364 8460 8556 8652 8750 8846 8942 9038 9134 9230 9326 9422 9518 
17 198
70 166 262 358 454 550 646 742 838 936 1032 1128 1224 1320 1416 1512 1608 1704 1802 1898 1994 2090 2186 2282 2378 2474 2570 2668 2764 2860 2956 3052 3148 3244 3340 3436 3534 3630 3726 3822 3918 4014 4110 4206 4302 4400 4496 4592 4688 4784 4880 4976 5072 5168 5266 5362 5458 5554 5650 5746 5842 5938 6034 6132 6228 6324 6420 6516 6612 6708 6804 6900 6998 7094 7190 7286 7382 7478 7574 7670 7766 7864 7960 8056 8152 8248 8344 8440 8536 8632 8730 8826 8922 9018 9114 9210 9306 9402 9498 72 168 264 360 456 552 648 744 840 938 1034 1130 1226 1322 1418 1514 1610 1706 1804 1900 1996 2092 2188 2284 2380 2476 2572 2670 2766 2862 2958 3054 3150 3246 3342 3438 3536 3632 3728 3824 3920 4016 4112 4208 4304 4402 4498 4594 4690 4786 4882 4978 5074 5170 5268 5364 5460 5556 5652 5748 5844 5940 6036 6134 6230 6326 6422 6518 6614 6710 6806 6902 7000 7096 7192 7288 7384 7480 7576 7672 7768 7866 7962 8058 8154 8250 8346 8442 8538 8634 8732 8828 8924 9020 9116 9212 9308 9404 9500 
18 198
87 183 279 375 471 567 663 759 855 953 1049 1145 1241 1337 1433 1529 1625 1721 1819 1915 2011 2107 2203 2299 2395 2491 2587 2685 2781 2877 2973 3069 3165 3261 3357 3453 3551 3647 3743 3839 3935 4031 4127 4223 4319 4417 4513 4609 4705 4801 4897 4993 5089 5185 5283 5379 5475 5571 5667 5763 5859 5955 6051 6149 6245 6341 6437 6533 6629 6725 6821 6917 7015 7111 7207 7303 7399 7495 7591 7687 7783 7881 7977 8073 8169 8265 8361 8457 8553 8649 8747 8843 8939 9035 9131 9227 9323 9419 9515 95 191 287 383 479 575 671 767 863 961 1057 1153 1249 1345 1441 1537 1633 1729 1827 1923 2019 2115 2211 2307 2403 2499 2595 2693 2789 2885 2981 3077 3173 3269 3365 3461 3559 3655 3751 3847 3943 4039 4135 4231 4327 4425 4521 4617 4713 4809 4905 5001 5097 5193 5291 5387 5483 5579 5675 5771 5867 5963 6059 6157 6253 6349 6445 6541 6637 6733 6829 6925 7023 7119 7215 7311 7407 7503 7599 7695 7791 7889 7985 8081 8177 8273 8369 8465 8561 8657 8755 8851 8947 9043 9139 9235 9331 9427 9523 
19 198
85 181 277 373 469 565 661 757 853 951 1047 1143 1239 1335 1431 1527 1623 1719 1817 1913 2009 2105 2201 2297 2393 2489 2585 2683 2779 2875 2971 3067 3163 3259 3355 3451 3549 3645 3741 3837 3933 4029 4125 4221 4317 4415 4511 4607 4703 4799 4895 4991 5087 5183 5281 5377 5473 5569 5665 5761 5857 5953 6049 6147 6243 6339 6435 6531 6627 6723 6819 6915 7013 7109 7205 7301 7397 7493 7589 7685 7781 7879 7975 8071 8167 8263 8359 8455 8551 8647 8745 8841 8937 9033 9129 9225 9321 9417 9513 92 188 284 380 476 572 668 764 860 958 1054 1150 1246 1342 1438 1534 1630 1726 1824 1920 2016 2112 2208 2304 2400 2496 2592 2690 2786 2882 2978 3074 3170 3266 3362 3458 3556 3652 3748 3844 3940 4036 4132 4228 4324 4422 4518 4614 4710 4806 4902 4998 5094 5190 5288 5384 5480 5576 5672 5768 5864 5960 6056 6154 6250 6346 6442 6538 6634 6730 6826 6922 7020 7116 7212 7308 7404 7500 7596 7692 7788 7886 7982 8078 8174 8270 8366 8462 8558 8654 8752 8848 8944 9040 9136 9232 9328 9424 9520 
20 198
83 179 275 371 467 563 659 755 851 949 1045 1141 1237 1333 1429 1525 1621 1717 1815 1911 2007 2103 2199 2295 2391 2487 2583 2681 2777 2873 2969 3065 3161 3257 3353 3449 3547 3643 3739 3835 3931 4027 4123 4219 4315 4413 4509 4605 4701 4797 4893 4989 5085 5181 5279 5375 5471 5567 5663 5759 5855 5951 6047 6145 6241 6337 6433 6529 6625 6721 6817 6913 7011 7107 7203 7299 7395 7491 7587 7683 7779 7877 7973 8069 8165 8261 8357 8453 8549 8645 8743 8839 8935 9031 9127 9223 9319 9415 9511 84 180 276 372 468 564 660 756 852 950 1046 1142 1238 1334 1430 1526 1622 1718 1816 1912 2008 2104 2200 2296 2392 2488 2584 2682 2778 2874 2970 3066 3162 3258 3354 3450 3548 3644 3740 3836 3932 4028 4124 4220 4316 4414 4510 4606 4702 4798 4894 4990 5086 5182 5280 5376 5472 5568 5664 5760 5856 5952 6048 6146 6242 6338 6434 6530 6626 6722 6818 6914 7012 7108 7204 7300 7396 7492 7588 7684 7780 7878 7974 8070 8166 8262 8358 8454 8550 8646 8744 8840 8936 9032 9128 9224 9320 9416 9512 
21 198
74 170 266 362 458 554 650 746 842 940 1036 1132 1228 1324 1420 1516 1612 1708 1806 1902 1998 2094 2190 2286 2382 2478 2574 2672 2768 2864 2960 3056 3152 3248 3344 3440 3538 3634 3730 3826 3922 4018 4114 4210 4306 4404 4500 4596 4692 4788 4884 4980 5076 5172 5270 5366 5462 5558 5654 5750 5846 5942 6038 6136 6232 6328 6424 6520 6616 6712 6808 6904 7002 7098 7194 7290 7386 7482 7578 7674 7770 7868 7964 8060 8156 8252 8348 8444 8540 8636 8734 8830 8926 9022 9118 9214 9310 9406 9502 75 171 267 363 459 555 651 747 843 941 1037 1133 1229 1325 1421 1517 1613 1709 1807 1903 1999 2095 2191 2287 2383 2479 2575 2673 2769 2865 2961 3057 3153 3249 3345 3441 3539 3635 3731 3827 3923 4019 4115 4211 4307 4405 4501 4597 4693 4789 4885 4981 5077 5173 5271 5367 5463 5559 5655 5751 5847 5943 6039 6137 6233 6329 6425 6521 6617 6713 6809 6905 7003 7099 7195 7291 7387 7483 7579 7675 7771 7869 7965 8061 8157 8253 8349 8445 8541 8637 8735 8831 8927 9023 9119 9215 9311 9407 9503 
22 198
51 147 243 339 435 531 627 723 819 917 1013 1109 1205 1301 1397 1493 1589 1685 1783 1879 1975 2071 2167 2263 2359 2455 2551 2649 2745 2841 2937 3033 3129 3225 3321 3417 3515 3611 3707 3803 3899 3995 4091 4187 4283 4381 4477 4573 4669 4765 4861 4957 5053 5149 5247 5343 5439 5535 5631 5727 5823 5919 6015 6113 6209 6305 6401 6497 6593 6689 6785 6881 6979 7075 7171 7267 7363 7459 7555 7651 7747 7845 7941 8037 8133 8229 8325 8421 8517 8613 8711 8807 8903 8999 9095 9191 9287 9383 9479 60 156 252 348 444 540 636 732 828 926 1022 1118 1214 1310 1406 1502 1598 1694 1792 1888 1984 2080 2176 2272 2368 2464 2560 2658 2754 2850 2946 3042 3138 3234 3330 3426 3524 3620 3716 3812 3908 4004 4100 4196 4292 4390 4486 4582 4678 4774 4870 4966 5062 5158 5256 5352 5448 5544 5640 5736 5832 5928 6024 6122 6218 6314 6410 6506 6602 6698 6794 6890 6988 7084 7180 7276 7372 7468 7564 7660 7756 7854 7950 8046 8142 8238 8334 8430 8526 8622 8720 8816 8912 9008 9104 9200 9296 9392 9488 
23 198
76 172 268 364 460 556 652 748 844 942 1038 1134 1230 1326 1422 1518 1614 1710 1808 1904 2000 2096 2192 2288 2384 2480 2576 2674 2770 2866 2962 3058 3154 3250 3346 3442 3540 3636 3732 3828 3924 4020 4116 4212 4308 4406 4502 4598 4694 4790 4886 4982 5078 5174 5272 5368 5464 5560 5656 5752 5848 5944 6040 6138 6234 6330 6426 6522 6618 6714 6810 6906 7004 7100 7196 7292 7388 7484 7580 7676 7772 7870 7966 8062 8158 8254 8350 8446 8542 8638 8736 8832 8928 9024 9120 9216 9312 9408 9504 77 173 269 365 461 557 653 749 845 943 1039 1135 1231 1327 1423 1519 1615 1711 1809 1905 2001 2097 2193 2289 2385 2481 2577 2675 2771 2867 2963 3059 3155 3251 3347 3443 3541 3637 3733 3829 3925 4021 4117 4213 4309 4407 4503 4599 4695 4791 4887 4983 5079 5175 5273 5369 5465 5561 5657 5753 5849 5945 6041 6139 6235 6331 6427 6523 6619 6715 6811 6907 7005 7101 7197 7293 7389 7485 7581 7677 7773 7871 7967 8063 8159 8255 8351 8447 8543 8639 8737 8833 8929 9025 9121 9217 9313 9409 9505 
24 198
24 120 216 312 408 504 600 696 792 890 986 1082 1178 1274 1370 1466 1562 1658 1756 1852 1948 2044 2140 2236 2332 2428 2524 2622 2718 2814 2910 3006 3102 3198 3294 3390 3488 3584 3680 3776 3872 3968 4064 4160 4256 4354 4450 4546 4642 4738 4834 4930 5026 5122 5220 5316 5412 5508 5604 5700 5796 5892 5988 6086 6182 6278 6374 6470 6566 6662 6758 6854 6952 7048 7144 7240 7336 7432 7528 7624 7720 7818 7914 8010 8106 8202 8298 8394 8490 8586 8684 8780 8876 8972 9068 9164 9260 9356 9452 79 175 271 367 463 559 655 751 847 945 1041 1137 1233 1329 1425 1521 1617 1713 1811 1907 2003 2099 2195 2291 2387 2483 2579 2677 2773 2869 2965 3061 3157 3253 3349 3445 3543 3639 3735 3831 3927 4023 4119 4215 4311 4409 4505 4601 4697 4793 4889 4985 5081 5177 5275 5371 5467 5563 5659 5755 5851 5947 6043 6141 6237 6333 6429 6525 6621 6717 6813 6909 7007 7103 7199 7295 7391 7487 7583 7679 7775 7873 7969 8065 8161 8257 8353 8449 8545 8641 8739 8835 8931 9027 9123 9219 9315 9411 9507 
25 198
25 121 217 313 409 505 601 697 793 891 987 1083 1179 1275 1371 1467 1563 1659 1757 1853 1949 2045 2141 2237 2333 2429 2525 2623 2719 2815 2911 3007 3103 3199 3295 3391 3489 3585 3681 3777 3873 3969 4065 4161 4257 4355 4451 4547 4643 4739 4835 4931 5027 5123 5221 5317 5413 5509 5605 5701 5797 5893 5989 6087 6183 6279 6375 6471 6567 6663 6759 6855 6953 7049 7145 7241 7337 7433 7529 7625 7721 7819 7915 8011 8107 8203 8299 8395 8491 8587 8685 8781 8877 8973 9069 9165 9261 9357 9453 88 184 280 376 472 568 664 760 856 954 1050 1146 1242 1338 1434 1530 1626 1722 1820 1916 2012 2108 2204 2300 2396 2492 2588 2686 2782 2878 2974 3070 3166 3262 3358 3454 3552 3648 3744 3840 3936 4032 4128 4224 4320 4418 4514 4610 4706 4802 4898 4994 5090 5186 5284 5380 5476 5572 5668 5764 5860 5956 6052 6150 6246 6342 6438 6534 6630 6726 6822 6918 7016 7112 7208 7304 7400 7496 7592 7688 7784 7882 7978 8074 8170 8266 8362 8458 8554 8650 8748 8844 8940 9036 9132 9228 9324 9420 9516 
26 198
34 130 226 322 418 514 610 706 802 900 996 1092 1188 1284 1380 1476 1572 1668 1766 1862 1958 2054 2150 2246 2342 2438 2534 2632 2728 2824 2920 3016 3112 3208 3304 3400 3498 3594 3690 3786 3882 3978 4074 4170 4266 4364 4460 4556 4652 4748 4844 4940 5036 5132 5230 5326 5422 5518 5614 5710 5806 5902 5998 6096 6192 6288 6384 6480 6576 6672 6768 6864 6962 7058 7154 7250 7346 7442 7538 7634 7730 7828 7924 8020 8116 8212 8308 8404 8500 8596 8694 8790 8886 8982 9078 9174 9270 9366 9462 46 142 238 334 430 526 622 718 814 912 1008 1104 1200 1296 1392 1488 1584 1680 1778 1874 1970 2066 2162 2258 2354 2450 2546 2644 2740 2836 2932 3028 3124 3220 3316 3412 3510 3606 3702 3798 3894 3990 4086 4182 4278 4376 4472 4568 4664 4760 4856 4952 5048 5144 5242 5338 5434 5530 5626 5722 5818 5914 6010 6108 6204 6300 6396 6492 6588 6684 6780 6876 6974 7070 7166 7262 7358 7454 7550 7646 7742 7840 7936 8032 8128 8224 8320 8416 8512 8608 8706 8802 8898 8994 9090 9186 9282 9378 9474 
27 198
13 109 205 301 397 493 589 685 781 879 975 1071 1167 1263 1359 1455 1551 1647 1745 1841 1937 2033 2129 2225 2321 2417 2513 2611 2707 2803 2899 2995 3091 3187 3283 3379 3477 3573 3669 3765 3861 3957 4053 4149 4245 4343 4439 4535 4631 4727 4823 4919 5015 5111 5209 5305 5401 5497 5593 5689 5785 5881 5977 6075 6171 6267 6363 6459 6555 6651 6747 6843 6941 7037 7133 7229 7325 7421 7517 7613 7709 7807 7903 7999 8095 8191 8287 8383 8479 8575 8673 8769 8865 8961 9057 9153 9249 9345 9441 93 189 285 381 477 573 669 765 861 959 1055 1151 1247 1343 1439 1535 1631 1727 1825 1921 2017 2113 2209 2305 2401 2497 2593 2691 2787 2883 2979 3075 3171 3267 3363 3459 3557 3653 3749 3845 3941 4037 4133 4229 4325 4423 4519 4615 4711 4807 4903 4999 5095 5191 5289 5385 5481 5577 5673 5769 5865 5961 6057 6155 6251 6347 6443 6539 6635 6731 6827 6923 7021 7117 7213 7309 7405 7501 7597 7693 7789 7887 7983 8079 8175 8271 8367 8463 8559 8655 8753 8849 8945 9041 9137 9233 9329 9425 9521 
28 198
66 162 258 354 450 546 642 738 834 932 1028 1124 1220 1316 1412 1508 1604 1700 1798 1894 1990 2086 2182 2278 2374 2470 2566 2664 2760 2856 2952 3048 3144 3240 3336 3432 3530 3626 3722 3818 3914 4010 4106 4202 4298 4396 4492 4588 4684 4780 4876 4972 5068 5164 5262 5358 5454 5550 5646 5742 5838 5934 6030 6128 6224 6320 6416 6512 6608 6704 6800 6896 6994 7090 7186 7282 7378 7474 7570 7666 7762 7860 7956 8052 8148 8244 8340 8436 8532 8628 8726 8822 8918 9014 9110 9206 9302 9398 9494 67 163 259 355 451 547 643 739 835 933 1029 1125 1221 1317 1413 1509 1605 1701 1799 1895 1991 2087 2183 2279 2375 2471 2567 2665 2761 2857 2953 3049 3145 3241 3337 3433 3531 3627 3723 3819 3915 4011 4107 4203 4299 4397 4493 4589 4685 4781 4877 4973 5069 5165 5263 5359 5455 5551 5647 5743 5839 5935 6031 6129 6225 6321 6417 6513 6609 6705 6801 6897 6995 7091 7187 7283 7379 7475 7571 7667 7763 7861 7957 8053 8149 8245 8341 8437 8533 8629 8727 8823 8919 9015 9111 9207 9303 9399 9495 
29 198
32 128 224 320 416 512 608 704 800 898 994 1090 1186 1282 1378 1474 1570 1666 1764 1860 1956 2052 2148 2244 2340 2436 2532 2630 2726 2822 2918 3014 3110 3206 3302 3398 3496 3592 3688 3784 3880 3976 4072 4168 4264 4362 4458 4554 4650 4746 4842 4938 5034 5130 5228 5324 5420 5516 5612 5708 5804 5900 5996 6094 6190 6286 6382 6478 6574 6670 6766 6862 6960 7056 7152 7248 7344 7440 7536 7632 7728 7826 7922 8018 8114 8210 8306 8402 8498 8594 8692 8788 8884 8980 9076 9172 9268 9364 9460 33 129 225 321 417 513 609 705 801 899 995 1091 1187 1283 1379 1475 1571 1667 1765 1861 1957 2053 2149 2245 2341 2437 2533 2631 2727 2823 2919 3015 3111 3207 3303 3399 3497 3593 3689 3785 3881 3977 4073 4169 4265 4363 4459 4555 4651 4747 4843 4939 5035 5131 5229 5325 5421 5517 5613 5709 5805 5901 5997 6095 6191 6287 6383 6479 6575 6671 6767 6863 6961 7057 7153 7249 7345 7441 7537 7633 7729 7827 7923 8019 8115 8211 8307 8403 8499 8595 8693 8789 8885 8981 9077 9173 9269 9365 9461 
30 198
16 112 208 304 400 496 592 688 784 882 978 1074 1170 1266 1362 1458 1554 1650 1748 1844 1940 2036 2132 2228 2324 2420 2516 2614 2710 2806 2902 2998 3094 3190 3286 3382 3480 3576 3672 3768 3864 3960 4056 4152 4248 4346 4442 4538 4634 4730 4826 4922 5018 5114 5212 5308 5404 5500 5596 5692 5788 5884 5980 6078 6174 6270 6366 6462 6558 6654 6750 6846 6944 7040 7136 7232 7328 7424 7520 7616 7712 7810 7906 8002 8098 8194 8290 8386 8482 8578 8676 8772 8868 8964 9060 9156 9252 9348 9444 23 119 215 311 407 503 599 695 791 889 985 1081 1177 1273 1369 1465 1561 1657 1755 1851 1947 2043 2139 2235 2331 2427 2523 2621 2717 2813 2909 3005 3101 3197 3293 3389 3487 3583 3679 3775 3871 3967 4063 4159 4255 4353 4449 4545 4641 4737 4833 4929 5025 5121 5219 5315 5411 5507 5603 5699 5795 5891 5987 6085 6181 6277 6373 6469 6565 6661 6757 6853 6951 7047 7143 7239 7335 7431 7527 7623 7719 7817 7913 8009 8105 8201 8297 8393 8489 8585 8683 8779 8875 8971 9067 9163 9259 9355 9451 
31 198
11 107 203 299 395 491 587 683 779 877 973 1069 1165 1261 1357 1453 1549 1645 1743 1839 1935 2031 2127 2223 2319 2415 2511 2609 2705 2801 2897 2993 3089 3185 3281 3377 3475 3571 3667 3763 3859 3955 4051 4147 4243 4341 4437 4533 4629 4725 4821 4917 5013 5109 5207 5303 5399 5495 5591 5687 5783 5879 5975 6073 6169 6265 6361 6457 6553 6649 6745 6841 6939 7035 7131 7227 7323 7419 7515 7611 7707 7805 7901 7997 8093 8189 8285 8381 8477 8573 8671 8767 8863 8959 9055 9151 9247 9343 9439 12 108 204 300 396 492 588 684 780 878 974 1070 1166 1262 1358 1454 1550 1646 1744 1840 1936 2032 2128 2224 2320 2416 2512 2610 2706 2802 2898 2994 3090 3186 3282 3378 3476 3572 3668 3764 3860 3956 4052 4148 4244 4342 4438 4534 4630 4726 4822 4918 5014 5110 5208 5304 5400 5496 5592 5688 5784 5880 5976 6074 6170 6266 6362 6458 6554 6650 6746 6842 6940 7036 7132 7228 7324 7420 7516 7612 7708 7806 7902 7998 8094 8190 8286 8382 8478 8574 8672 8768 8864 8960 9056 9152 9248 9344 9440 
32 198
49 145 241 337 433 529 625 721 817 915 1011 1107 1203 1299 1395 1491 1587 1683 1781 1877 1973 2069 2165 2261 2357 2453 2549 2647 2743 2839 2935 3031 3127 3223 3319 3415 3513 3609 3705 3801 3897 3993 4089 4185 4281 4379 4475 4571 4667 4763 4859 4955 5051 5147 5245 5341 5437 5533 5629 5725 5821 5917 6013 6111 6207 6303 6399 6495 6591 6687 6783 6879 6977 7073 7169 7265 7361 7457 7553 7649 7745 7843 7939 8035 8131 8227 8323 8419 8515 8611 8709 8805 8901 8997 9093 9189 9285 9381 9477 50 146 242 338 434 530 626 722 818 916 1012 1108 1204 1300 1396 1492 1588 1684 1782 1878 1974 2070 2166 2262 2358 2454 2550 2648 2744 2840 2936 3032 3128 3224 3320 3416 3514 3610 3706 3802 3898 3994 4090 4186 4282 4380 4476 4572 4668 4764 4860 4956 5052 5148 5246 5342 5438 5534 5630 5726 5822 5918 6014 6112 6208 6304 6400 6496 6592 6688 6784 6880 6978 7074 7170 7266 7362 7458 7554 7650 7746 7844 7940 8036 8132 8228 8324 8420 8516 8612 8710 8806 8902 8998 9094 9190 9286 9382 9478 
33 198
73 169 265 361 457 553 649 745 841 939 1035 1131 1227 1323 1419 1515 1611 1707 1805 1901 1997 2093 2189 2285 2381 2477 2573 2671 2767 2863 2959 3055 3151 3247 3343 3439 3537 3633 3729 3825 3921 4017 4113 4209 4305 4403 4499 4595 4691 4787 4883 4979 5075 5171 5269 5365 5461 5557 5653 5749 5845 5941 6037 6135 6231 6327 6423 6519 6615 6711 6807 6903 7001 7097 7193 7289 7385 7481 7577 7673 7769 7867 7963 8059 8155 8251 8347 8443 8539 8635 8733 8829 8925 9021 9117 9213 9309 9405 9501 82 178 274 370 466 562 658 754 850 948 1044 1140 1236 1332 1428 1524 1620 1716 1814 1910 2006 2102 2198 2294 2390 2486 2582 2680 2776 2872 2968 3064 3160 3256 3352 3448 3546 3642 3738 3834 3930 4026 4122 4218 4314 4412 4508 4604 4700 4796 4892 4988 5084 5180 5278 5374 5470 5566 5662 5758 5854 5950 6046 6144 6240 6336 6432 6528 6624 6720 6816 6912 7010 7106 7202 7298 7394 7490 7586 7682 7778 7876 7972 8068 8164 8260 8356 8452 8548 8644 8742 8838 8934 9030 9126 9222 9318 9414 9510 
34 198
52 148 244 340 436 532 628 724 820 918 1014 1110 1206 1302 1398 1494 1590 1686 1784 1880 1976 2072 2168 2264 2360 2456 2552 2650 2746 2842 2938 3034 3130 3226 3322 3418 3516 3612 3708 3804 3900 3996 4092 4188 4284 4382 4478 4574 4670 4766 4862 4958 5054 5150 5248 5344 5440 5536 5632 5728 5824 5920 6016 6114 6210 6306 6402 6498 6594 6690 6786 6882 6980 7076 7172 7268 7364 7460 7556 7652 7748 7846 7942 8038 8134 8230 8326 8422 8518 8614 8712 8808 8904 9000 9096 9192 9288 9384 9480 55 151 247 343 439 535 631 727 823 921 1017 1113 1209 1305 1401 1497 1593 1689 1787 1883 1979 2075 2171 2267 2363 2459 2555 2653 2749 2845 2941 3037 3133 3229 3325 3421 3519 3615 3711 3807 3903 3999 4095 4191 4287 4385 4481 4577 4673 4769 4865 4961 5057 5153 5251 5347 5443 5539 5635 5731 5827 5923 6019 6117 6213 6309 6405 6501 6597 6693 6789 6885 6983 7079 7175 7271 7367 7463 7559 7655 7751 7849 7945 8041 8137 8233 8329 8425 8521 8617 8715 8811 8907 9003 9099 9195 9291 9387 9483 
35 198
58 154 250 346 442 538 634 730 826 924 1020 1116 1212 1308 1404 1500 1596 1692 1790 1886 1982 2078 2174 2270 2366 2462 2558 2656 2752 2848 2944 3040 3136 3232 3328 3424 3522 3618 3714 3810 3906 4002 4098 4194 4290 4388 4484 4580 4676 4772 4868 4964 5060 5156 5254 5350 5446 5542 5638 5734 5830 5926 6022 6120 6216 6312 6408 6504 6600 6696 6792 6888 6986 7082 7178 7274 7370 7466 7562 7658 7754 7852 7948 8044 8140 8236 8332 8428 8524 8620 8718 8814 8910 9006 9102 9198 9294 9390 9486 59 155 251 347 443 539 635 731 827 925 1021 1117 1213 1309 1405 1501 1597 1693 1791 1887 1983 2079 2175 2271 2367 2463 2559 2657 2753 2849 2945 3041 3137 3233 3329 3425 3523 3619 3715 3811 3907 4003 4099 4195 4291 4389 4485 4581 4677 4773 4869 4965 5061 5157 5255 5351 5447 5543 5639 5735 5831 5927 6023 6121 6217 6313 6409 6505 6601 6697 6793 6889 6987 7083 7179 7275 7371 7467 7563 7659 7755 7853 7949 8045 8141 8237 8333 8429 8525 8621 8719 8815 8911 9007 9103 9199 9295 9391 9487 
36 198
81 177 273 369 465 561 657 753 849 947 1043 1139 1235 1331 1427 1523 1619 1715 1813 1909 2005 2101 2197 2293 2389 2485 2581 2679 2775 2871 2967 3063 3159 3255 3351 3447 3545 3641 3737 3833 3929 4025 4121 4217 4313 4411 4507 4603 4699 4795 4891 4987 5083 5179 5277 5373 5469 5565 5661 5757 5853 5949 6045 6143 6239 6335 6431 6527 6623 6719 6815 6911 7009 7105 7201 7297 7393 7489 7585 7681 7777 7875 7971 8067 8163 8259 8355 8451 8547 8643 8741 8837 8933 9029 9125 9221 9317 9413 9509 96 192 288 384 480 576 672 768 864 962 1058 1154 1250 1346 1442 1538 1634 1730 1828 1924 2020 2116 2212 2308 2404 2500 2596 2694 2790 2886 2982 3078 3174 3270 3366 3462 3560 3656 3752 3848 3944 4040 4136 4232 4328 4426 4522 4618 4714 4810 4906 5002 5098 5194 5292 5388 5484 5580 5676 5772 5868 5964 6060 6158 6254 6350 6446 6542 6638 6734 6830 6926 7024 7120 7216 7312 7408 7504 7600 7696 7792 7890 7986 8082 8178 8274 8370 8466 8562 8658 8756 8852 8948 9044 9140 9236 9332 9428 9524 
37 198
47 143 239 335 431 527 623 719 815 913 1009 1105 1201 1297 1393 1489 1585 1681 1779 1875 1971 2067 2163 2259 2355 2451 2547 2645 2741 2837 2933 3029 3125 3221 3317 3413 3511 3607 3703 3799 3895 3991 4087 4183 4279 4377 4473 4569 4665 4761 4857 4953 5049 5145 5243 5339 5435 5531 5627 5723 5819 5915 6011 6109 6205 6301 6397 6493 6589 6685 6781 6877 6975 7071 7167 7263 7359 7455 7551 7647 7743 7841 7937 8033 8129 8225 8321 8417 8513 8609 8707 8803 8899 8995 9091 9187 9283 9379 9475 48 144 240 336 432 528 624 720 816 914 1010 1106 1202 1298 1394 1490 1586 1682 1780 1876 1972 2068 2164 2260 2356 2452 2548 2646 2742 2838 2934 3030 3126 3222 3318 3414 3512 3608 3704 3800 3896 3992 4088 4184 4280 4378 4474 4570 4666 4762 4858 4954 5050 5146 5244 5340 5436 5532 5628 5724 5820 5916 6012 6110 6206 6302 6398 6494 6590 6686 6782 6878 6976 7072 7168 7264 7360 7456 7552 7648 7744 7842 7938 8034 8130 8226 8322 8418 8514 8610 8708 8804 8900 8996 9092 9188 9284 9380 9476 
38 198
91 187 283 379 475 571 667 763 859 957 1053 1149 1245 1341 1437 1533 1629 1725 1823 1919 2015 2111 2207 2303 2399 2495 2591 2689 2785 2881 2977 3073 3169 3265 3361 3457 3555 3651 3747 3843 3939 4035 4131 4227 4323 4421 4517 4613 4709 4805 4901 4997 5093 5189 5287 5383 5479 5575 5671 5767 5863 5959 6055 6153 6249 6345 6441 6537 6633 6729 6825 6921 7019 7115 7211 7307 7403 7499 7595 7691 7787 7885 7981 8077 8173 8269 8365 8461 8557 8653 8751 8847 8943 9039 9135 9231 9327 9423 9519 94 190 286 382 478 574 670 766 862 960 1056 1152 1248 1344 1440 1536 1632 1728 1826 1922 2018 2114 2210 2306 2402 2498 2594 2692 2788 2884 2980 3076 3172 3268 3364 3460 3558 3654 3750 3846 3942 4038 4134 4230 4326 4424 4520 4616 4712 4808 4904 5000 5096 5192 5290 5386 5482 5578 5674 5770 5866 5962 6058 6156 6252 6348 6444 6540 6636 6732 6828 6924 7022 7118 7214 7310 7406 7502 7598 7694 7790 7888 7984 8080 8176 8272 8368 8464 8560 8656 8754 8850 8946 9042 9138 9234 9330 9426 9522 
39 198
68 164 260 356 452 548 644 740 836 934 1030 1126 1222 1318 1414 1510 1606 1702 1800 1896 1992 2088 2184 2280 2376 2472 2568 2666 2762 2858 2954 3050 3146 3242 3338 3434 3532 3628 3724 3820 3916 4012 4108 4204 4300 4398 4494 4590 4686 4782 4878 4974 5070 5166 5264 5360 5456 5552 5648 5744 5840 5936 6032 6130 6226 6322 6418 6514 6610 6706 6802 6898 6996 7092 7188 7284 7380 7476 7572 7668 7764 7862 7958 8054 8150 8246 8342 8438 8534 8630 8728 8824 8920 9016 9112 9208 9304 9400 9496 69 165 261 357 453 549 645 741 837 935 1031 1127 1223 1319 1415 1511 1607 1703 1801 1897 1993 2089 2185 2281 2377 2473 2569 2667 2763 2859 2955 3051 3147 3243 3339 3435 3533 3629 3725 3821 3917 4013 4109 4205 4301 4399 4495 4591 4687 4783 4879 4975 5071 5167 5265 5361 5457 5553 5649 5745 5841 5937 6033 6131 6227 6323 6419 6515 6611 6707 6803 6899 6997 7093 7189 7285 7381 7477 7573 7669 7765 7863 7959 8055 8151 8247 8343 8439 8535 8631 8729 8825 8921 9017 9113 9209 9305 9401 9497 
40 198
39 135 231 327 423 519 615 711 807 905 1001 1097 1193 1289 1385 1481 1577 1673 1771 1867 1963 2059 2155 2251 2347 2443 2539 2637 2733 2829 2925 3021 3117 3213 3309 3405 3503 3599 3695 3791 3887 3983 4079 4175 4271 4369 4465 4561 4657 4753 4849 4945 5041 5137 5235 5331 5427 5523 5619 5715 5811 5907 6003 6101 6197 6293 6389 6485 6581 6677 6773 6869 6967 7063 7159 7255 7351 7447 7543 7639 7735 7833 7929 8025 8121 8217 8313 8409 8505 8601 8699 8795 8891 8987 9083 9179 9275 9371 9467 40 136 232 328 424 520 616 712 808 906 1002 1098 1194 1290 1386 1482 1578 1674 1772 1868 1964 2060 2156 2252 2348 2444 2540 2638 2734 2830 2926 3022 3118 3214 3310 3406 3504 3600 3696 3792 3888 3984 4080 4176 4272 4370 4466 4562 4658 4754 4850 4946 5042 5138 5236 5332 5428 5524 5620 5716 5812 5908 6004 6102 6198 6294 6390 6486 6582 6678 6774 6870 6968 7064 7160 7256 7352 7448 7544 7640 7736 7834 7930 8026 8122 8218 8314 8410 8506 8602 8700 8796 8892 8988 9084 9180 9276 9372 9468 
41 198
78 174 270 366 462 558 654 750 846 944 1040 1136 1232 1328 1424 1520 1616 1712 1810 1906 2002 2098 2194 2290 2386 2482 2578 2676 2772 2868 2964 3060 3156 3252 3348 3444 3542 3638 3734 3830 3926 4022 4118 4214 4310 4408 4504 4600 4696 4792 4888 4984 5080 5176 5274 5370 5466 5562 5658 5754 5850 5946 6042 6140 6236 6332 6428 6524 6620 6716 6812 6908 7006 7102 7198 7294 7390 7486 7582 7678 7774 7872 7968 8064 8160 8256 8352 8448 8544 8640 8738 8834 8930 9026 9122 9218 9314 9410 9506 86 182 278 374 470 566 662 758 854 952 1048 1144 1240 1336 1432 1528 1624 1720 1818 1914 2010 2106 2202 2298 2394 2490 2586 2684 2780 2876 2972 3068 3164 3260 3356 3452 3550 3646 3742 3838 3934 4030 4126 4222 4318 4416 4512 4608 4704 4800 4896 4992 5088 5184 5282 5378 5474 5570 5666 5762 5858 5954 6050 6148 6244 6340 6436 6532 6628 6724 6820 6916 7014 7110 7206 7302 7398 7494 7590 7686 7782 7880 7976 8072 8168 8264 8360 8456 8552 8648 8746 8842 8938 9034 9130 9226 9322 9418 9514 
42 198
28 124 220 316 412 508 604 700 796 894 990 1086 1182 1278 1374 1470 1566 1662 1760 1856 1952 2048 2144 2240 2336 2432 2528 2626 2722 2818 2914 3010 3106 3202 3298 3394 3492 3588 3684 3780 3876 3972 4068 4164 4260 4358 4454 4550 4646 4742 4838 4934 5030 5126 5224 5320 5416 5512 5608 5704 5800 5896 5992 6090 6186 6282 6378 6474 6570 6666 6762 6858 6956 7052 7148 7244 7340 7436 7532 7628 7724 7822 7918 8014 8110 8206 8302 8398 8494 8590 8688 8784 8880 8976 9072 9168 9264 9360 9456 31 127 223 319 415 511 607 703 799 897 993 1089 1185 1281 1377 1473 1569 1665 1763 1859 1955 2051 2147 2243 2339 2435 2531 2629 2725 2821 2917 3013 3109 3205 3301 3397 3495 3591 3687 3783 3879 3975 4071 4167 4263 4361 4457 4553 4649 4745 4841 4937 5033 5129 5227 5323 5419 5515 5611 5707 5803 5899 5995 6093 6189 6285 6381 6477 6573 6669 6765 6861 6959 7055 7151 7247 7343 7439 7535 7631 7727 7825 7921 8017 8113 8209 8305 8401 8497 8593 8691 8787 8883 8979 9075 9171 9267 9363 9459 
43 198
43 139 235 331 427 523 619 715 811 909 1005 1101 1197 1293 1389 1485 1581 1677 1775 1871 1967 2063 2159 2255 2351 2447 2543 2641 2737 2833 2929 3025 3121 3217 3313 3409 3507 3603 3699 3795 3891 3987 4083 4179 4275 4373 4469 4565 4661 4757 4853 4949 5045 5141 5239 5335 5431 5527 5623 5719 5815 5911 6007 6105 6201 6297 6393 6489 6585 6681 6777 6873 6971 7067 7163 7259 7355 7451 7547 7643 7739 7837 7933 8029 8125 8221 8317 8413 8509 8605 8703 8799 8895 8991 9087 9183 9279 9375 9471 71 167 263 359 455 551 647 743 839 937 1033 1129 1225 1321 1417 1513 1609 1705 1803 1899 1995 2091 2187 2283 2379 2475 2571 2669 2765 2861 2957 3053 3149 3245 3341 3437 3535 3631 3727 3823 3919 4015 4111 4207 4303 4401 4497 4593 4689 4785 4881 4977 5073 5169 5267 5363 5459 5555 5651 5747 5843 5939 6035 6133 6229 6325 6421 6517 6613 6709 6805 6901 6999 7095 7191 7287 7383 7479 7575 7671 7767 7865 7961 8057 8153 8249 8345 8441 8537 8633 8731 8827 8923 9019 9115 9211 9307 9403 9499 
44 198
44 140 236 332 428 524 620 716 812 910 1006 1102 1198 1294 1390 1486 1582 1678 1776 1872 1968 2064 2160 2256 2352 2448 2544 2642 2738 2834 2930 3026 3122 3218 3314 3410 3508 3604 3700 3796 3892 3988 4084 4180 4276 4374 4470 4566 4662 4758 4854 4950 5046 5142 5240 5336 5432 5528 5624 5720 5816 5912 6008 6106 6202 6298 6394 6490 6586 6682 6778 6874 6972 7068 7164 7260 7356 7452 7548 7644 7740 7838 7934 8030 8126 8222 8318 8414 8510 8606 8704 8800 8896 8992 9088 9184 9280 9376 9472 45 141 237 333 429 525 621 717 813 911 1007 1103 1199 1295 1391 1487 1583 1679 1777 1873 1969 2065 2161 2257 2353 2449 2545 2643 2739 2835 2931 3027 3123 3219 3315 3411 3509 3605 3701 3797 3893 3989 4085 4181 4277 4375 4471 4567 4663 4759 4855 4951 5047 5143 5241 5337 5433 5529 5625 5721 5817 5913 6009 6107 6203 6299 6395 6491 6587 6683 6779 6875 6973 7069 7165 7261 7357 7453 7549 7645 7741 7839 7935 8031 8127 8223 8319 8415 8511 8607 8705 8801 8897 8993 9089 9185 9281 9377 9473 
45 198
53 149 245 341 437 533 629 725 821 919 1015 1111 1207 1303 1399 1495 1591 1687 1785 1881 1977 2073 2169 2265 2361 2457 2553 2651 2747 2843 2939 3035 3131 3227 3323 3419 3517 3613 3709 3805 3901 3997 4093 4189 4285 4383 4479 4575 4671 4767 4863 4959 5055 5151 5249 5345 5441 5537 5633 5729 5825 5921 6017 6115 6211 6307 6403 6499 6595 6691 6787 6883 6981 7077 7173 7269 7365 7461 7557 7653 7749 7847 7943 8039 8135 8231 8327 8423 8519 8615 8713 8809 8905 9001 9097 9193 9289 9385 9481 54 150 246 342 438 534 630 726 822 920 1016 1112 1208 1304 1400 1496 1592 1688 1786 1882 1978 2074 2170 2266 2362 2458 2554 2652 2748 2844 2940 3036 3132 3228 3324 3420 3518 3614 3710 3806 3902 3998 4094 4190 4286 4384 4480 4576 4672 4768 4864 4960 5056 5152 5250 5346 5442 5538 5634 5730 5826 5922 6018 6116 6212 6308 6404 6500 6596 6692 6788 6884 6982 7078 7174 7270 7366 7462 7558 7654 7750 7848 7944 8040 8136 8232 8328 8424 8520 8616 8714 8810 8906 9002 9098 9194 9290 9386 9482 
46 198
9 105 201 297 393 489 585 681 777 875 971 1067 1163 1259 1355 1451 1547 1643 1741 1837 1933 2029 2125 2221 2317 2413 2509 2607 2703 2799 2895 2991 3087 3183 3279 3375 3473 3569 3665 3761 3857 3953 4049 4145 4241 4339 4435 4531 4627 4723 4819 4915 5011 5107 5205 5301 5397 5493 5589 5685 5781 5877 5973 6071 6167 6263 6359 6455 6551 6647 6743 6839 6937 7033 7129 7225 7321 7417 7513 7609 7705 7803 7899 7995 8091 8187 8283 8379 8475 8571 8669 8765 8861 8957 9053 9149 9245 9341 9437 10 106 202 298 394 490 586 682 778 876 972 1068 1164 1260 1356 1452 1548 1644 1742 1838 1934 2030 2126 2222 2318 2414 2510 2608 2704 2800 2896 2992 3088 3184 3280 3376 3474 3570 3666 3762 3858 3954 4050 4146 4242 4340 4436 4532 4628 4724 4820 4916 5012 5108 5206 5302 5398 5494 5590 5686 5782 5878 5974 6072 6168 6264 6360 6456 6552 6648 6744 6840 6938 7034 7130 7226 7322 7418 7514 7610 7706 7804 7900 7996 8092 8188 8284 8380 8476 8572 8670 8766 8862 8958 9054 9150 9246 9342 9438 
47 198
64 160 256 352 448 544 640 736 832 930 1026 1122 1218 1314 1410 1506 1602 1698 1796 1892 1988 2084 2180 2276 2372 2468 2564 2662 2758 2854 2950 3046 3142 3238 3334 3430 3528 3624 3720 3816 3912 4008 4104 4200 4296 4394 4490 4586 4682 4778 4874 4970 5066 5162 5260 5356 5452 5548 5644 5740 5836 5932 6028 6126 6222 6318 6414 6510 6606 6702 6798 6894 6992 7088 7184 7280 7376 7472 7568 7664 7760 7858 7954 8050 8146 8242 8338 8434 8530 8626 8724 8820 8916 9012 9108 9204 9300 9396 9492 65 161 257 353 449 545 641 737 833 931 1027 1123 1219 1315 1411 1507 1603 1699 1797 1893 1989 2085 2181 2277 2373 2469 2565 2663 2759 2855 2951 3047 3143 3239 3335 3431 3529 3625 3721 3817 3913 4009 4105 4201 4297 4395 4491 4587 4683 4779 4875 4971 5067 5163 5261 5357 5453 5549 5645 5741 5837 5933 6029 6127 6223 6319 6415 6511 6607 6703 6799 6895 6993 7089 7185 7281 7377 7473 7569 7665 7761 7859 7955 8051 8147 8243 8339 8435 8531 8627 8725 8821 8917 9013 9109 9205 9301 9397 9493 

Obtained 10 stack frames.
/scratch/wuda/e3sm/scratch/F2010_ne4_oQU240/bld/e3sm.exe() [0x1dfd6f4]
/scratch/wuda/e3sm/scratch/F2010_ne4_oQU240/bld/e3sm.exe() [0x1e009b5]
/scratch/wuda/e3sm/scratch/F2010_ne4_oQU240/bld/e3sm.exe() [0x1e050a4]
/scratch/wuda/e3sm/scratch/F2010_ne4_oQU240/bld/e3sm.exe() [0x1dbef6e]
/scratch/wuda/e3sm/scratch/F2010_ne4_oQU240/bld/e3sm.exe() [0x549ffe]
/scratch/wuda/e3sm/scratch/F2010_ne4_oQU240/bld/e3sm.exe() [0x54ab7b]
/scratch/wuda/e3sm/scratch/F2010_ne4_oQU240/bld/e3sm.exe() [0x539248]
/scratch/wuda/e3sm/scratch/F2010_ne4_oQU240/bld/e3sm.exe() [0x5422be]
/scratch/wuda/e3sm/scratch/F2010_ne4_oQU240/bld/e3sm.exe() [0xd06f27]
/scratch/wuda/e3sm/scratch/F2010_ne4_oQU240/bld/e3sm.exe() [0xd07d13]
ioid	516
