version 2001 npes 48 ndims 3 
2 3 866 
0 54
9 113 208 284 374 583 695 784 837 875 979 1074 1150 1240 1449 1561 1650 1703 1741 1845 1940 2016 2106 2315 2427 2516 2569 2607 2711 2806 2882 2972 3181 3293 3382 3435 3473 3577 3672 3748 3838 4047 4159 4248 4301 4339 4443 4538 4614 4704 4913 5025 5114 5167 
1 54
10 114 209 285 375 584 696 785 838 876 980 1075 1151 1241 1450 1562 1651 1704 1742 1846 1941 2017 2107 2316 2428 2517 2570 2608 2712 2807 2883 2973 3182 3294 3383 3436 3474 3578 3673 3749 3839 4048 4160 4249 4302 4340 4444 4539 4615 4705 4914 5026 5115 5168 
2 54
13 115 210 290 377 586 697 786 839 879 981 1076 1156 1243 1452 1563 1652 1705 1745 1847 1942 2022 2109 2318 2429 2518 2571 2611 2713 2808 2888 2975 3184 3295 3384 3437 3477 3579 3674 3754 3841 4050 4161 4250 4303 4343 4445 4540 4620 4707 4916 5027 5116 5169 
3 54
14 116 211 291 378 587 698 787 840 880 982 1077 1157 1244 1453 1564 1653 1706 1746 1848 1943 2023 2110 2319 2430 2519 2572 2612 2714 2809 2889 2976 3185 3296 3385 3438 3478 3580 3675 3755 3842 4051 4162 4251 4304 4344 4446 4541 4621 4708 4917 5028 5117 5170 
4 54
33 117 212 292 392 588 700 788 841 899 983 1078 1158 1258 1454 1566 1654 1707 1765 1849 1944 2024 2124 2320 2432 2520 2573 2631 2715 2810 2890 2990 3186 3298 3386 3439 3497 3581 3676 3756 3856 4052 4164 4252 4305 4363 4447 4542 4622 4722 4918 5030 5118 5171 
5 54
34 118 213 293 449 593 701 789 842 900 984 1079 1159 1315 1459 1567 1655 1708 1766 1850 1945 2025 2181 2325 2433 2521 2574 2632 2716 2811 2891 3047 3191 3299 3387 3440 3498 3582 3677 3757 3913 4057 4165 4253 4306 4364 4448 4543 4623 4779 4923 5031 5119 5172 
6 54
36 119 214 294 452 594 702 791 843 902 985 1080 1160 1318 1460 1568 1657 1709 1768 1851 1946 2026 2184 2326 2434 2523 2575 2634 2717 2812 2892 3050 3192 3300 3389 3441 3500 3583 3678 3758 3916 4058 4166 4255 4307 4366 4449 4544 4624 4782 4924 5032 5121 5173 
7 54
37 120 215 295 507 596 703 792 844 903 986 1081 1161 1373 1462 1569 1658 1710 1769 1852 1947 2027 2239 2328 2435 2524 2576 2635 2718 2813 2893 3105 3194 3301 3390 3442 3501 3584 3679 3759 3971 4060 4167 4256 4308 4367 4450 4545 4625 4837 4926 5033 5122 5174 
8 54
39 121 216 296 508 597 704 793 845 905 987 1082 1162 1374 1463 1570 1659 1711 1771 1853 1948 2028 2240 2329 2436 2525 2577 2637 2719 2814 2894 3106 3195 3302 3391 3443 3503 3585 3680 3760 3972 4061 4168 4257 4309 4369 4451 4546 4626 4838 4927 5034 5123 5175 
9 54
40 122 217 297 510 599 705 794 846 906 988 1083 1163 1376 1465 1571 1660 1712 1772 1854 1949 2029 2242 2331 2437 2526 2578 2638 2720 2815 2895 3108 3197 3303 3392 3444 3504 3586 3681 3761 3974 4063 4169 4258 4310 4370 4452 4547 4627 4840 4929 5035 5124 5176 
10 54
44 123 218 298 511 600 709 795 851 910 989 1084 1164 1377 1466 1575 1661 1717 1776 1855 1950 2030 2243 2332 2441 2527 2583 2642 2721 2816 2896 3109 3198 3307 3393 3449 3508 3587 3682 3762 3975 4064 4173 4259 4315 4374 4453 4548 4628 4841 4930 5039 5125 5181 
11 54
47 124 240 299 513 601 710 797 852 913 990 1106 1165 1379 1467 1576 1663 1718 1779 1856 1972 2031 2245 2333 2442 2529 2584 2645 2722 2838 2897 3111 3199 3308 3395 3450 3511 3588 3704 3763 3977 4065 4174 4261 4316 4377 4454 4570 4629 4843 4931 5040 5127 5182 
12 54
48 125 241 300 514 602 711 798 853 914 991 1107 1166 1380 1468 1577 1664 1719 1780 1857 1973 2032 2246 2334 2443 2530 2585 2646 2723 2839 2898 3112 3200 3309 3396 3451 3512 3589 3705 3764 3978 4066 4175 4262 4317 4378 4455 4571 4630 4844 4932 5041 5128 5183 
13 54
49 126 242 301 516 603 712 799 854 915 992 1108 1167 1382 1469 1578 1665 1720 1781 1858 1974 2033 2248 2335 2444 2531 2586 2647 2724 2840 2899 3114 3201 3310 3397 3452 3513 3590 3706 3765 3980 4067 4176 4263 4318 4379 4456 4572 4631 4846 4933 5042 5129 5184 
14 54
50 127 243 302 517 604 713 800 855 916 993 1109 1168 1383 1470 1579 1666 1721 1782 1859 1975 2034 2249 2336 2445 2532 2587 2648 2725 2841 2900 3115 3202 3311 3398 3453 3514 3591 3707 3766 3981 4068 4177 4264 4319 4380 4457 4573 4632 4847 4934 5043 5130 5185 
15 54
51 128 244 303 518 605 718 801 857 917 994 1110 1169 1384 1471 1584 1667 1723 1783 1860 1976 2035 2250 2337 2450 2533 2589 2649 2726 2842 2901 3116 3203 3316 3399 3455 3515 3592 3708 3767 3982 4069 4182 4265 4321 4381 4458 4574 4633 4848 4935 5048 5131 5187 
16 54
52 129 245 304 520 606 719 802 858 918 995 1111 1170 1386 1472 1585 1668 1724 1784 1861 1977 2036 2252 2338 2451 2534 2590 2650 2727 2843 2902 3118 3204 3317 3400 3456 3516 3593 3709 3768 3984 4070 4183 4266 4322 4382 4459 4575 4634 4850 4936 5049 5132 5188 
17 54
53 130 246 305 521 607 721 804 859 919 996 1112 1171 1387 1473 1587 1670 1725 1785 1862 1978 2037 2253 2339 2453 2536 2591 2651 2728 2844 2903 3119 3205 3319 3402 3457 3517 3594 3710 3769 3985 4071 4185 4268 4323 4383 4460 4576 4635 4851 4937 5051 5134 5189 
18 54
54 143 247 306 522 608 749 805 861 920 1009 1113 1172 1388 1474 1615 1671 1727 1786 1875 1979 2038 2254 2340 2481 2537 2593 2652 2741 2845 2904 3120 3206 3347 3403 3459 3518 3607 3711 3770 3986 4072 4213 4269 4325 4384 4473 4577 4636 4852 4938 5079 5135 5191 
19 54
57 144 248 307 523 609 750 806 863 923 1010 1114 1173 1389 1475 1616 1672 1729 1789 1876 1980 2039 2255 2341 2482 2538 2595 2655 2742 2846 2905 3121 3207 3348 3404 3461 3521 3608 3712 3771 3987 4073 4214 4270 4327 4387 4474 4578 4637 4853 4939 5080 5136 5193 
20 54
58 145 249 308 524 610 752 807 864 924 1011 1115 1174 1390 1476 1618 1673 1730 1790 1877 1981 2040 2256 2342 2484 2539 2596 2656 2743 2847 2906 3122 3208 3350 3405 3462 3522 3609 3713 3772 3988 4074 4216 4271 4328 4388 4475 4579 4638 4854 4940 5082 5137 5194 
21 54
61 147 250 309 525 613 753 808 865 927 1013 1116 1175 1391 1479 1619 1674 1731 1793 1879 1982 2041 2257 2345 2485 2540 2597 2659 2745 2848 2907 3123 3211 3351 3406 3463 3525 3611 3714 3773 3989 4077 4217 4272 4329 4391 4477 4580 4639 4855 4943 5083 5138 5195 
22 54
74 148 251 310 545 614 754 809 866 940 1014 1117 1176 1411 1480 1620 1675 1732 1806 1880 1983 2042 2277 2346 2486 2541 2598 2672 2746 2849 2908 3143 3212 3352 3407 3464 3538 3612 3715 3774 4009 4078 4218 4273 4330 4404 4478 4581 4640 4875 4944 5084 5139 5196 
23 48
75 150 252 311 546 616 756 810 941 1016 1118 1177 1412 1482 1622 1676 1807 1882 1984 2043 2278 2348 2488 2542 2673 2748 2850 2909 3144 3214 3354 3408 3539 3614 3716 3775 4010 4080 4220 4274 4405 4480 4582 4641 4876 4946 5086 5140 
24 48
76 151 253 312 547 617 757 811 942 1017 1119 1178 1413 1483 1623 1677 1808 1883 1985 2044 2279 2349 2489 2543 2674 2749 2851 2910 3145 3215 3355 3409 3540 3615 3717 3776 4011 4081 4221 4275 4406 4481 4583 4642 4877 4947 5087 5141 
25 48
77 152 254 313 548 618 759 812 943 1018 1120 1179 1414 1484 1625 1678 1809 1884 1986 2045 2280 2350 2491 2544 2675 2750 2852 2911 3146 3216 3357 3410 3541 3616 3718 3777 4012 4082 4223 4276 4407 4482 4584 4643 4878 4948 5089 5142 
26 48
78 153 257 314 549 643 761 813 944 1019 1123 1180 1415 1509 1627 1679 1810 1885 1989 2046 2281 2375 2493 2545 2676 2751 2855 2912 3147 3241 3359 3411 3542 3617 3721 3778 4013 4107 4225 4277 4408 4483 4587 4644 4879 4973 5091 5143 
27 48
79 154 260 315 550 652 762 814 945 1020 1126 1181 1416 1518 1628 1680 1811 1886 1992 2047 2282 2384 2494 2546 2677 2752 2858 2913 3148 3250 3360 3412 3543 3618 3724 3779 4014 4116 4226 4278 4409 4484 4590 4645 4880 4982 5092 5144 
28 48
80 155 261 316 551 653 764 815 946 1021 1127 1182 1417 1519 1630 1681 1812 1887 1993 2048 2283 2385 2496 2547 2678 2753 2859 2914 3149 3251 3362 3413 3544 3619 3725 3780 4015 4117 4228 4279 4410 4485 4591 4646 4881 4983 5094 5145 
29 48
81 156 262 317 552 668 765 816 947 1022 1128 1183 1418 1534 1631 1682 1813 1888 1994 2049 2284 2400 2497 2548 2679 2754 2860 2915 3150 3266 3363 3414 3545 3620 3726 3781 4016 4132 4229 4280 4411 4486 4592 4647 4882 4998 5095 5146 
30 48
82 157 263 318 553 669 766 817 948 1023 1129 1184 1419 1535 1632 1683 1814 1889 1995 2050 2285 2401 2498 2549 2680 2755 2861 2916 3151 3267 3364 3415 3546 3621 3727 3782 4017 4133 4230 4281 4412 4487 4593 4648 4883 4999 5096 5147 
31 48
83 158 264 320 554 670 767 818 949 1024 1130 1186 1420 1536 1633 1684 1815 1890 1996 2052 2286 2402 2499 2550 2681 2756 2862 2918 3152 3268 3365 3416 3547 3622 3728 3784 4018 4134 4231 4282 4413 4488 4594 4650 4884 5000 5097 5148 
32 48
84 159 266 321 555 671 768 819 950 1025 1132 1187 1421 1537 1634 1685 1816 1891 1998 2053 2287 2403 2500 2551 2682 2757 2864 2919 3153 3269 3366 3417 3548 3623 3730 3785 4019 4135 4232 4283 4414 4489 4596 4651 4885 5001 5098 5149 
33 48
85 160 267 322 556 672 769 820 951 1026 1133 1188 1422 1538 1635 1686 1817 1892 1999 2054 2288 2404 2501 2552 2683 2758 2865 2920 3154 3270 3367 3418 3549 3624 3731 3786 4020 4136 4233 4284 4415 4490 4597 4652 4886 5002 5099 5150 
34 48
86 161 269 323 557 673 770 821 952 1027 1135 1189 1423 1539 1636 1687 1818 1893 2001 2055 2289 2405 2502 2553 2684 2759 2867 2921 3155 3271 3368 3419 3550 3625 3733 3787 4021 4137 4234 4285 4416 4491 4599 4653 4887 5003 5100 5151 
35 48
87 162 270 324 558 674 771 822 953 1028 1136 1190 1424 1540 1637 1688 1819 1894 2002 2056 2290 2406 2503 2554 2685 2760 2868 2922 3156 3272 3369 3420 3551 3626 3734 3788 4022 4138 4235 4286 4417 4492 4600 4654 4888 5004 5101 5152 
36 48
89 163 271 325 571 675 772 824 955 1029 1137 1191 1437 1541 1638 1690 1821 1895 2003 2057 2303 2407 2504 2556 2687 2761 2869 2923 3169 3273 3370 3422 3553 3627 3735 3789 4035 4139 4236 4288 4419 4493 4601 4655 4901 5005 5102 5154 
37 48
90 164 272 326 572 676 773 825 956 1030 1138 1192 1438 1542 1639 1691 1822 1896 2004 2058 2304 2408 2505 2557 2688 2762 2870 2924 3170 3274 3371 3423 3554 3628 3736 3790 4036 4140 4237 4289 4420 4494 4602 4656 4902 5006 5103 5155 
38 48
91 165 273 327 573 677 774 827 957 1031 1139 1193 1439 1543 1640 1693 1823 1897 2005 2059 2305 2409 2506 2559 2689 2763 2871 2925 3171 3275 3372 3425 3555 3629 3737 3791 4037 4141 4238 4291 4421 4495 4603 4657 4903 5007 5104 5157 
39 48
104 166 274 329 574 679 775 828 970 1032 1140 1195 1440 1545 1641 1694 1836 1898 2006 2061 2306 2411 2507 2560 2702 2764 2872 2927 3172 3277 3373 3426 3568 3630 3738 3793 4038 4143 4239 4292 4434 4496 4604 4659 4904 5009 5105 5158 
40 48
105 167 275 330 575 680 776 829 971 1033 1141 1196 1441 1546 1642 1695 1837 1899 2007 2062 2307 2412 2508 2561 2703 2765 2873 2928 3173 3278 3374 3427 3569 3631 3739 3794 4039 4144 4240 4293 4435 4497 4605 4660 4905 5010 5106 5159 
41 48
106 168 276 332 576 681 777 830 972 1034 1142 1198 1442 1547 1643 1696 1838 1900 2008 2064 2308 2413 2509 2562 2704 2766 2874 2930 3174 3279 3375 3428 3570 3632 3740 3796 4040 4145 4241 4294 4436 4498 4606 4662 4906 5011 5107 5160 
42 48
107 169 277 333 577 682 778 831 973 1035 1143 1199 1443 1548 1644 1697 1839 1901 2009 2065 2309 2414 2510 2563 2705 2767 2875 2931 3175 3280 3376 3429 3571 3633 3741 3797 4041 4146 4242 4295 4437 4499 4607 4663 4907 5012 5108 5161 
43 48
108 176 278 335 578 683 779 832 974 1042 1144 1201 1444 1549 1645 1698 1840 1908 2010 2067 2310 2415 2511 2564 2706 2774 2876 2933 3176 3281 3377 3430 3572 3640 3742 3799 4042 4147 4243 4296 4438 4506 4608 4665 4908 5013 5109 5162 
44 48
109 177 279 336 579 684 780 833 975 1043 1145 1202 1445 1550 1646 1699 1841 1909 2011 2068 2311 2416 2512 2565 2707 2775 2877 2934 3177 3282 3378 3431 3573 3641 3743 3800 4043 4148 4244 4297 4439 4507 4609 4666 4909 5014 5110 5163 
45 48
110 179 280 338 580 689 781 834 976 1045 1146 1204 1446 1555 1647 1700 1842 1911 2012 2070 2312 2421 2513 2566 2708 2777 2878 2936 3178 3287 3379 3432 3574 3643 3744 3802 4044 4153 4245 4298 4440 4509 4610 4668 4910 5019 5111 5164 
46 48
111 180 281 339 581 693 782 835 977 1046 1147 1205 1447 1559 1648 1701 1843 1912 2013 2071 2313 2425 2514 2567 2709 2778 2879 2937 3179 3291 3380 3433 3575 3644 3745 3803 4045 4157 4246 4299 4441 4510 4611 4669 4911 5023 5112 5165 
47 48
112 202 282 342 582 694 783 836 978 1068 1148 1208 1448 1560 1649 1702 1844 1934 2014 2074 2314 2426 2515 2568 2710 2800 2880 2940 3180 3292 3381 3434 3576 3666 3746 3806 4046 4158 4247 4300 4442 4532 4612 4672 4912 5024 5113 5166 

Obtained 10 stack frames.
/scratch/wuda/e3sm/scratch/F2010_ne4_oQU240/bld/e3sm.exe() [0x1dfd6f4]
/scratch/wuda/e3sm/scratch/F2010_ne4_oQU240/bld/e3sm.exe() [0x1e009b5]
/scratch/wuda/e3sm/scratch/F2010_ne4_oQU240/bld/e3sm.exe() [0x1e050a4]
/scratch/wuda/e3sm/scratch/F2010_ne4_oQU240/bld/e3sm.exe() [0x1dbef6e]
/scratch/wuda/e3sm/scratch/F2010_ne4_oQU240/bld/e3sm.exe() [0x1564956]
/scratch/wuda/e3sm/scratch/F2010_ne4_oQU240/bld/e3sm.exe() [0x1568f9f]
/scratch/wuda/e3sm/scratch/F2010_ne4_oQU240/bld/e3sm.exe() [0x12e42a8]
/scratch/wuda/e3sm/scratch/F2010_ne4_oQU240/bld/e3sm.exe() [0xf88f3a]
/scratch/wuda/e3sm/scratch/F2010_ne4_oQU240/bld/e3sm.exe() [0xf6d9e9]
/scratch/wuda/e3sm/scratch/F2010_ne4_oQU240/bld/e3sm.exe() [0x43664c]
ioid	521
