version 2001 npes 48 ndims 2 
3 866 
0 27
9 113 208 284 374 583 695 784 837 875 979 1074 1150 1240 1449 1561 1650 1703 1741 1845 1940 2016 2106 2315 2427 2516 2569 
1 27
10 114 209 285 375 584 696 785 838 876 980 1075 1151 1241 1450 1562 1651 1704 1742 1846 1941 2017 2107 2316 2428 2517 2570 
2 27
13 115 210 290 377 586 697 786 839 879 981 1076 1156 1243 1452 1563 1652 1705 1745 1847 1942 2022 2109 2318 2429 2518 2571 
3 27
14 116 211 291 378 587 698 787 840 880 982 1077 1157 1244 1453 1564 1653 1706 1746 1848 1943 2023 2110 2319 2430 2519 2572 
4 27
33 117 212 292 392 588 700 788 841 899 983 1078 1158 1258 1454 1566 1654 1707 1765 1849 1944 2024 2124 2320 2432 2520 2573 
5 27
34 118 213 293 449 593 701 789 842 900 984 1079 1159 1315 1459 1567 1655 1708 1766 1850 1945 2025 2181 2325 2433 2521 2574 
6 27
36 119 214 294 452 594 702 791 843 902 985 1080 1160 1318 1460 1568 1657 1709 1768 1851 1946 2026 2184 2326 2434 2523 2575 
7 27
37 120 215 295 507 596 703 792 844 903 986 1081 1161 1373 1462 1569 1658 1710 1769 1852 1947 2027 2239 2328 2435 2524 2576 
8 27
39 121 216 296 508 597 704 793 845 905 987 1082 1162 1374 1463 1570 1659 1711 1771 1853 1948 2028 2240 2329 2436 2525 2577 
9 27
40 122 217 297 510 599 705 794 846 906 988 1083 1163 1376 1465 1571 1660 1712 1772 1854 1949 2029 2242 2331 2437 2526 2578 
10 27
44 123 218 298 511 600 709 795 851 910 989 1084 1164 1377 1466 1575 1661 1717 1776 1855 1950 2030 2243 2332 2441 2527 2583 
11 27
47 124 240 299 513 601 710 797 852 913 990 1106 1165 1379 1467 1576 1663 1718 1779 1856 1972 2031 2245 2333 2442 2529 2584 
12 27
48 125 241 300 514 602 711 798 853 914 991 1107 1166 1380 1468 1577 1664 1719 1780 1857 1973 2032 2246 2334 2443 2530 2585 
13 27
49 126 242 301 516 603 712 799 854 915 992 1108 1167 1382 1469 1578 1665 1720 1781 1858 1974 2033 2248 2335 2444 2531 2586 
14 27
50 127 243 302 517 604 713 800 855 916 993 1109 1168 1383 1470 1579 1666 1721 1782 1859 1975 2034 2249 2336 2445 2532 2587 
15 27
51 128 244 303 518 605 718 801 857 917 994 1110 1169 1384 1471 1584 1667 1723 1783 1860 1976 2035 2250 2337 2450 2533 2589 
16 27
52 129 245 304 520 606 719 802 858 918 995 1111 1170 1386 1472 1585 1668 1724 1784 1861 1977 2036 2252 2338 2451 2534 2590 
17 27
53 130 246 305 521 607 721 804 859 919 996 1112 1171 1387 1473 1587 1670 1725 1785 1862 1978 2037 2253 2339 2453 2536 2591 
18 27
54 143 247 306 522 608 749 805 861 920 1009 1113 1172 1388 1474 1615 1671 1727 1786 1875 1979 2038 2254 2340 2481 2537 2593 
19 27
57 144 248 307 523 609 750 806 863 923 1010 1114 1173 1389 1475 1616 1672 1729 1789 1876 1980 2039 2255 2341 2482 2538 2595 
20 27
58 145 249 308 524 610 752 807 864 924 1011 1115 1174 1390 1476 1618 1673 1730 1790 1877 1981 2040 2256 2342 2484 2539 2596 
21 27
61 147 250 309 525 613 753 808 865 927 1013 1116 1175 1391 1479 1619 1674 1731 1793 1879 1982 2041 2257 2345 2485 2540 2597 
22 27
74 148 251 310 545 614 754 809 866 940 1014 1117 1176 1411 1480 1620 1675 1732 1806 1880 1983 2042 2277 2346 2486 2541 2598 
23 24
75 150 252 311 546 616 756 810 941 1016 1118 1177 1412 1482 1622 1676 1807 1882 1984 2043 2278 2348 2488 2542 
24 24
76 151 253 312 547 617 757 811 942 1017 1119 1178 1413 1483 1623 1677 1808 1883 1985 2044 2279 2349 2489 2543 
25 24
77 152 254 313 548 618 759 812 943 1018 1120 1179 1414 1484 1625 1678 1809 1884 1986 2045 2280 2350 2491 2544 
26 24
78 153 257 314 549 643 761 813 944 1019 1123 1180 1415 1509 1627 1679 1810 1885 1989 2046 2281 2375 2493 2545 
27 24
79 154 260 315 550 652 762 814 945 1020 1126 1181 1416 1518 1628 1680 1811 1886 1992 2047 2282 2384 2494 2546 
28 24
80 155 261 316 551 653 764 815 946 1021 1127 1182 1417 1519 1630 1681 1812 1887 1993 2048 2283 2385 2496 2547 
29 24
81 156 262 317 552 668 765 816 947 1022 1128 1183 1418 1534 1631 1682 1813 1888 1994 2049 2284 2400 2497 2548 
30 24
82 157 263 318 553 669 766 817 948 1023 1129 1184 1419 1535 1632 1683 1814 1889 1995 2050 2285 2401 2498 2549 
31 24
83 158 264 320 554 670 767 818 949 1024 1130 1186 1420 1536 1633 1684 1815 1890 1996 2052 2286 2402 2499 2550 
32 24
84 159 266 321 555 671 768 819 950 1025 1132 1187 1421 1537 1634 1685 1816 1891 1998 2053 2287 2403 2500 2551 
33 24
85 160 267 322 556 672 769 820 951 1026 1133 1188 1422 1538 1635 1686 1817 1892 1999 2054 2288 2404 2501 2552 
34 24
86 161 269 323 557 673 770 821 952 1027 1135 1189 1423 1539 1636 1687 1818 1893 2001 2055 2289 2405 2502 2553 
35 24
87 162 270 324 558 674 771 822 953 1028 1136 1190 1424 1540 1637 1688 1819 1894 2002 2056 2290 2406 2503 2554 
36 24
89 163 271 325 571 675 772 824 955 1029 1137 1191 1437 1541 1638 1690 1821 1895 2003 2057 2303 2407 2504 2556 
37 24
90 164 272 326 572 676 773 825 956 1030 1138 1192 1438 1542 1639 1691 1822 1896 2004 2058 2304 2408 2505 2557 
38 24
91 165 273 327 573 677 774 827 957 1031 1139 1193 1439 1543 1640 1693 1823 1897 2005 2059 2305 2409 2506 2559 
39 24
104 166 274 329 574 679 775 828 970 1032 1140 1195 1440 1545 1641 1694 1836 1898 2006 2061 2306 2411 2507 2560 
40 24
105 167 275 330 575 680 776 829 971 1033 1141 1196 1441 1546 1642 1695 1837 1899 2007 2062 2307 2412 2508 2561 
41 24
106 168 276 332 576 681 777 830 972 1034 1142 1198 1442 1547 1643 1696 1838 1900 2008 2064 2308 2413 2509 2562 
42 24
107 169 277 333 577 682 778 831 973 1035 1143 1199 1443 1548 1644 1697 1839 1901 2009 2065 2309 2414 2510 2563 
43 24
108 176 278 335 578 683 779 832 974 1042 1144 1201 1444 1549 1645 1698 1840 1908 2010 2067 2310 2415 2511 2564 
44 24
109 177 279 336 579 684 780 833 975 1043 1145 1202 1445 1550 1646 1699 1841 1909 2011 2068 2311 2416 2512 2565 
45 24
110 179 280 338 580 689 781 834 976 1045 1146 1204 1446 1555 1647 1700 1842 1911 2012 2070 2312 2421 2513 2566 
46 24
111 180 281 339 581 693 782 835 977 1046 1147 1205 1447 1559 1648 1701 1843 1912 2013 2071 2313 2425 2514 2567 
47 24
112 202 282 342 582 694 783 836 978 1068 1148 1208 1448 1560 1649 1702 1844 1934 2014 2074 2314 2426 2515 2568 

Obtained 10 stack frames.
/scratch/wuda/e3sm/scratch/F2010_ne4_oQU240/bld/e3sm.exe() [0x1dfd6f4]
/scratch/wuda/e3sm/scratch/F2010_ne4_oQU240/bld/e3sm.exe() [0x1e009b5]
/scratch/wuda/e3sm/scratch/F2010_ne4_oQU240/bld/e3sm.exe() [0x1e050a4]
/scratch/wuda/e3sm/scratch/F2010_ne4_oQU240/bld/e3sm.exe() [0x1dbef6e]
/scratch/wuda/e3sm/scratch/F2010_ne4_oQU240/bld/e3sm.exe() [0x1564956]
/scratch/wuda/e3sm/scratch/F2010_ne4_oQU240/bld/e3sm.exe() [0x156a7e7]
/scratch/wuda/e3sm/scratch/F2010_ne4_oQU240/bld/e3sm.exe() [0x12e3e51]
/scratch/wuda/e3sm/scratch/F2010_ne4_oQU240/bld/e3sm.exe() [0xf88f3a]
/scratch/wuda/e3sm/scratch/F2010_ne4_oQU240/bld/e3sm.exe() [0xf6d9e9]
/scratch/wuda/e3sm/scratch/F2010_ne4_oQU240/bld/e3sm.exe() [0x43664c]
ioid	519
