version 2001 npes 48 ndims 1 
866 
0 18
35 131 227 323 419 515 611 707 803 36 132 228 324 420 516 612 708 804 
1 20
2 98 194 290 386 482 578 674 770 866 4 100 196 292 388 484 580 676 772 0 
2 20
1 97 193 289 385 481 577 673 769 865 3 99 195 291 387 483 579 675 771 0 
3 18
17 113 209 305 401 497 593 689 785 18 114 210 306 402 498 594 690 786 
4 18
29 125 221 317 413 509 605 701 797 30 126 222 318 414 510 606 702 798 
5 18
41 137 233 329 425 521 617 713 809 42 138 234 330 426 522 618 714 810 
6 18
19 115 211 307 403 499 595 691 787 20 116 212 308 404 500 596 692 788 
7 18
56 152 248 344 440 536 632 728 824 57 153 249 345 441 537 633 729 825 
8 18
7 103 199 295 391 487 583 679 775 8 104 200 296 392 488 584 680 776 
9 18
62 158 254 350 446 542 638 734 830 63 159 255 351 447 543 639 735 831 
10 18
26 122 218 314 410 506 602 698 794 27 123 219 315 411 507 603 699 795 
11 18
37 133 229 325 421 517 613 709 805 38 134 230 326 422 518 614 710 806 
12 18
5 101 197 293 389 485 581 677 773 6 102 198 294 390 486 582 678 774 
13 18
14 110 206 302 398 494 590 686 782 15 111 207 303 399 495 591 687 783 
14 18
61 157 253 349 445 541 637 733 829 80 176 272 368 464 560 656 752 848 
15 18
21 117 213 309 405 501 597 693 789 22 118 214 310 406 502 598 694 790 
16 18
89 185 281 377 473 569 665 761 857 90 186 282 378 474 570 666 762 858 
17 18
70 166 262 358 454 550 646 742 838 72 168 264 360 456 552 648 744 840 
18 18
87 183 279 375 471 567 663 759 855 95 191 287 383 479 575 671 767 863 
19 18
85 181 277 373 469 565 661 757 853 92 188 284 380 476 572 668 764 860 
20 18
83 179 275 371 467 563 659 755 851 84 180 276 372 468 564 660 756 852 
21 18
74 170 266 362 458 554 650 746 842 75 171 267 363 459 555 651 747 843 
22 18
51 147 243 339 435 531 627 723 819 60 156 252 348 444 540 636 732 828 
23 18
76 172 268 364 460 556 652 748 844 77 173 269 365 461 557 653 749 845 
24 18
24 120 216 312 408 504 600 696 792 79 175 271 367 463 559 655 751 847 
25 18
25 121 217 313 409 505 601 697 793 88 184 280 376 472 568 664 760 856 
26 18
34 130 226 322 418 514 610 706 802 46 142 238 334 430 526 622 718 814 
27 18
13 109 205 301 397 493 589 685 781 93 189 285 381 477 573 669 765 861 
28 18
66 162 258 354 450 546 642 738 834 67 163 259 355 451 547 643 739 835 
29 18
32 128 224 320 416 512 608 704 800 33 129 225 321 417 513 609 705 801 
30 18
16 112 208 304 400 496 592 688 784 23 119 215 311 407 503 599 695 791 
31 18
11 107 203 299 395 491 587 683 779 12 108 204 300 396 492 588 684 780 
32 18
49 145 241 337 433 529 625 721 817 50 146 242 338 434 530 626 722 818 
33 18
73 169 265 361 457 553 649 745 841 82 178 274 370 466 562 658 754 850 
34 18
52 148 244 340 436 532 628 724 820 55 151 247 343 439 535 631 727 823 
35 18
58 154 250 346 442 538 634 730 826 59 155 251 347 443 539 635 731 827 
36 18
81 177 273 369 465 561 657 753 849 96 192 288 384 480 576 672 768 864 
37 18
47 143 239 335 431 527 623 719 815 48 144 240 336 432 528 624 720 816 
38 18
91 187 283 379 475 571 667 763 859 94 190 286 382 478 574 670 766 862 
39 18
68 164 260 356 452 548 644 740 836 69 165 261 357 453 549 645 741 837 
40 18
39 135 231 327 423 519 615 711 807 40 136 232 328 424 520 616 712 808 
41 18
78 174 270 366 462 558 654 750 846 86 182 278 374 470 566 662 758 854 
42 18
28 124 220 316 412 508 604 700 796 31 127 223 319 415 511 607 703 799 
43 18
43 139 235 331 427 523 619 715 811 71 167 263 359 455 551 647 743 839 
44 18
44 140 236 332 428 524 620 716 812 45 141 237 333 429 525 621 717 813 
45 18
53 149 245 341 437 533 629 725 821 54 150 246 342 438 534 630 726 822 
46 18
9 105 201 297 393 489 585 681 777 10 106 202 298 394 490 586 682 778 
47 18
64 160 256 352 448 544 640 736 832 65 161 257 353 449 545 641 737 833 

Obtained 10 stack frames.
/scratch/wuda/e3sm/scratch/F2010_ne4_oQU240/bld/e3sm.exe() [0x1dfd6f4]
/scratch/wuda/e3sm/scratch/F2010_ne4_oQU240/bld/e3sm.exe() [0x1e009b5]
/scratch/wuda/e3sm/scratch/F2010_ne4_oQU240/bld/e3sm.exe() [0x1e050a4]
/scratch/wuda/e3sm/scratch/F2010_ne4_oQU240/bld/e3sm.exe() [0x1dbef6e]
/scratch/wuda/e3sm/scratch/F2010_ne4_oQU240/bld/e3sm.exe() [0x549ffe]
/scratch/wuda/e3sm/scratch/F2010_ne4_oQU240/bld/e3sm.exe() [0x54ab7b]
/scratch/wuda/e3sm/scratch/F2010_ne4_oQU240/bld/e3sm.exe() [0x539248]
/scratch/wuda/e3sm/scratch/F2010_ne4_oQU240/bld/e3sm.exe() [0x5422be]
/scratch/wuda/e3sm/scratch/F2010_ne4_oQU240/bld/e3sm.exe() [0xd0aa63]
/scratch/wuda/e3sm/scratch/F2010_ne4_oQU240/bld/e3sm.exe() [0xd0b71c]
ioid	515
